63.1593711853027
62.3593711853027
61.4390586853027
60.9593711853027
59.9187461853027
58.9593711853027
57.9999961853027
57.0390586853027
55.7593711853027
54.8796836853027
53.6796836853027
52.6390586853027
51.4796836853027
50.2796836853027
48.6390586853027
47.3187461853027
46.1999961853027
44.7999961853027
43.2796836853027
42.4796836853027
40.9593711853027
39.9187461853027
38.5593711853027
37.2390586853027
36.3593711853027
35.3593711853027
34.3593711853027
33.1999961853027
32.0390586853027
31.0390586853027
30.1187461853027
29.5593711853027
28.7999961853027
28.0390586853027
27.2796836853027
26.7187461853027
26.1999961853027
26.0390586853027
25.6390586853027
25.4390586853027
25.2796836853027
25.1999961853027
25.3593711853027
25.3999961853027
25.5187461853027
25.7999961853027
26.2796836853027
26.3187461853027
27.1187461853027
27.9187461853027
28.5187461853027
29.2390586853027
30.1999961853027
30.9999961853027
31.9593711853027
32.7187461853027
34.0390586853027
34.9187461853027
36.3187461853027
37.4390586853027
38.7187461853027
40.0390586853027
41.4796836853027
42.5593711853027
43.8796836853027
45.3593711853027
46.5593711853027
47.7187461853027
48.9593711853027
50.2390586853027
51.5187461853027
52.5593711853027
53.9999961853027
55.1187461853027
56.1593711853027
57.1999961853027
58.1593711853027
59.1999961853027
60.0796836853027
61.1593711853027
61.3593711853027
62.5187461853027
63.1187461853027
63.7187461853027
64.2390586853027
64.3187461853027
64.8390586853027
65.4796836853027
65.2796836853027
65.6796836853027
65.6390586853027
65.3187461853027
65.7593711853027
65.1999961853027
64.5593711853027
64.4390586853027
64.1999961853027
63.4390586853027
63.1999961853027
62.6796836853027
61.3593711853027
60.9593711853027
59.7999961853027
59.1187461853027
57.9999961853027
57.1187461853027
55.7593711853027
54.9593711853027
53.8796836853027
52.5593711853027
51.3999961853027
49.8796836853027
48.8390586853027
47.6796836853027
46.3593711853027
44.7999961853027
43.6796836853027
42.5187461853027
41.3593711853027
39.9593711853027
38.7999961853027
37.3593711853027
36.4390586853027
35.2796836853027
34.1593711853027
32.9187461853027
32.1593711853027
31.0390586853027
30.1999961853027
29.4796836853027
28.4796836853027
27.9999961853027
27.3593711853027
26.7999961853027
26.4390586853027
25.9593711853027
25.5999961853027
25.4390586853027
25.5187461853027
25.1593711853027
25.1999961853027
25.3593711853027
25.3999961853027
25.7593711853027
25.9999961853027
26.5187461853027
27.0390586853027
27.9187461853027
28.4390586853027
29.0390586853027
30.0390586853027
30.7999961853027
31.9593711853027
32.9999961853027
34.0796836853027
35.1999961853027
36.4390586853027
37.3187461853027
38.7999961853027
39.8796836853027
41.2390586853027
42.3187461853027
43.7187461853027
45.0390586853027
46.3593711853027
47.6796836853027
48.7187461853027
50.2796836853027
51.2390586853027
52.6796836853027
53.7187461853027
55.1999961853027
55.8796836853027
57.0390586853027
57.8796836853027
59.2796836853027
59.8390586853027
61.0390586853027
61.7999961853027
62.2796836853027
63.0796836853027
63.7593711853027
64.2390586853027
64.7999961853027
64.9999961853027
65.1187461853027
65.5187461853027
65.4390586853027
65.3593711853027
65.3593711853027
65.3999961853027
65.2390586853027
64.8390586853027
64.4390586853027
64.2796836853027
63.5593711853027
62.9593711853027
62.2796836853027
61.7593711853027
60.7999961853027
60.0390586853027
59.3187461853027
57.9999961853027
56.7999961853027
56.0390586853027
55.1187461853027
53.6796836853027
52.5593711853027
51.5999961853027
50.1999961853027
48.6796836853027
47.7593711853027
46.3593711853027
45.0390586853027
43.8796836853027
42.3593711853027
41.0796836853027
39.8390586853027
38.7593711853027
37.3999961853027
36.3999961853027
35.3999961853027
34.1999961853027
32.9187461853027
32.2390586853027
31.1999961853027
30.2796836853027
29.3187461853027
28.7187461853027
27.9593711853027
27.5593711853027
26.9999961853027
26.6390586853027
25.8796836853027
25.5593711853027
25.3999961853027
25.5187461853027
25.1593711853027
25.2390586853027
25.2390586853027
25.4796836853027
25.8390586853027
25.9999961853027
26.5999961853027
27.2796836853027
28.0390586853027
28.1187461853027
29.2796836853027
30.1187461853027
30.8390586853027
31.6390586853027
32.8796836853027
34.0390586853027
35.1999961853027
36.2390586853027
37.3593711853027
38.6796836853027
39.7593711853027
41.0796836853027
42.5187461853027
43.6796836853027
45.1187461853027
46.1999961853027
47.5999961853027
49.0796836853027
50.1999961853027
51.6796836853027
52.4796836853027
53.7593711853027
54.8796836853027
56.1593711853027
57.2796836853027
58.0796836853027
59.0796836853027
60.0796836853027
60.7999961853027
61.6796836853027
62.3593711853027
63.0796836853027
63.5593711853027
63.9999961853027
64.3593711853027
64.8796836853027
65.1593711853027
65.2390586853027
65.3593711853027
65.7593711853027
65.6390586853027
65.2796836853027
65.2796836853027
64.9999961853027
64.5999961853027
64.0796836853027
63.6390586853027
62.8390586853027
62.2796836853027
61.8390586853027
60.8796836853027
60.0390586853027
58.9187461853027
58.1593711853027
57.1187461853027
55.9593711853027
55.1593711853027
53.8796836853027
52.5593711853027
51.3593711853027
50.0796836853027
49.0796836853027
47.7593711853027
46.5593711853027
45.1187461853027
43.6796836853027
42.5593711853027
41.1593711853027
40.3187461853027
39.1593711853027
37.4390586853027
36.3187461853027
35.2796836853027
34.1187461853027
33.2390586853027
32.2390586853027
31.0390586853027
30.2796836853027
29.3999961853027
28.8390586853027
28.0796836853027
27.3187461853027
26.7999961853027
26.3593711853027
26.1999961853027
25.7593711853027
25.3187461853027
25.2390586853027
25.3999961853027
25.1999961853027
25.4390586853027
25.5187461853027
25.5999961853027
26.0390586853027
26.7593711853027
27.1187461853027
27.5999961853027
28.2796836853027
29.2390586853027
29.9999961853027
30.5187461853027
31.7187461853027
32.6796836853027
33.9593711853027
34.9187461853027
35.9999961853027
37.3593711853027
38.7187461853027
39.7999961853027
41.3999961853027
42.5187461853027
43.4796836853027
44.9187461853027
46.1593711853027
47.5593711853027
48.7593711853027
49.8796836853027
51.0390586853027
52.5593711853027
53.5999961853027
55.1187461853027
55.7999961853027
56.9999961853027
57.8796836853027
59.0390586853027
59.9593711853027
61.0390586853027
61.5593711853027
62.1593711853027
63.1187461853027
63.4796836853027
63.9999961853027
64.4796836853027
64.8390586853027
65.3187461853027
65.3187461853027
65.3999961853027
65.5999961853027
65.4796836853027
65.5187461853027
65.2390586853027
65.0390586853027
64.5187461853027
64.0390586853027
63.6796836853027
63.1593711853027
62.3999961853027
61.7593711853027
60.7187461853027
60.2390586853027
59.1187461853027
58.2390586853027
57.3593711853027
56.2796836853027
54.9999961853027
53.7187461853027
52.5999961853027
51.4796836853027
50.2796836853027
49.0390586853027
47.7187461853027
46.5999961853027
44.9999961853027
43.5593711853027
42.4390586853027
41.4796836853027
39.9999961853027
38.9187461853027
37.5999961853027
36.5999961853027
35.3999961853027
34.3593711853027
33.2796836853027
32.0390586853027
31.3187461853027
30.3593711853027
29.3999961853027
28.8390586853027
28.3593711853027
27.4796836853027
27.0390586853027
26.5999961853027
26.1593711853027
25.8390586853027
25.4390586853027
25.3187461853027
25.2390586853027
25.3187461853027
25.2796836853027
25.3187461853027
25.7999961853027
26.0796836853027
26.3593711853027
26.7187461853027
27.5999961853027
28.3593711853027
29.0796836853027
29.8796836853027
30.6796836853027
31.8796836853027
32.5999961853027
33.7999961853027
35.0390586853027
35.9593711853027
37.1593711853027
38.6796836853027
39.7187461853027
41.1593711853027
42.1187461853027
43.5593711853027
44.7999961853027
46.1999961853027
47.5187461853027
48.8796836853027
49.9593711853027
51.1187461853027
52.7593711853027
53.8390586853027
54.8390586853027
55.8390586853027
56.9187461853027
58.1187461853027
59.1187461853027
59.8390586853027
60.7593711853027
61.4796836853027
62.1999961853027
63.1593711853027
63.2796836853027
64.1593711853027
64.5999961853027
64.9187461853027
65.3999961853027
65.1999961853027
65.3999961853027
65.4796836853027
65.5593711853027
65.2796836853027
65.0390586853027
65.0390586853027
64.8390586853027
64.2390586853027
63.6796836853027
63.2390586853027
62.4796836853027
61.9187461853027
60.9187461853027
60.3187461853027
59.2390586853027
58.1999961853027
57.1999961853027
56.1187461853027
55.1593711853027
53.6796836853027
52.7187461853027
51.3187461853027
50.1593711853027
49.3187461853027
47.7999961853027
46.4390586853027
45.3187461853027
43.8390586853027
42.5999961853027
41.4796836853027
40.2390586853027
38.7999961853027
37.8796836853027
36.4796836853027
35.1593711853027
34.3187461853027
33.1593711853027
32.2390586853027
31.2796836853027
30.6390586853027
29.5187461853027
28.5999961853027
28.2796836853027
27.5999961853027
27.0796836853027
26.5999961853027
26.1187461853027
25.7593711853027
25.5999961853027
25.5999961853027
25.4796836853027
25.5187461853027
25.3593711853027
25.5187461853027
25.7187461853027
26.1187461853027
26.5187461853027
27.0390586853027
27.8796836853027
28.3999961853027
28.7999961853027
30.0390586853027
30.7593711853027
31.7999961853027
32.7187461853027
33.8390586853027
34.7593711853027
36.0390586853027
37.2390586853027
38.5187461853027
39.6796836853027
40.7999961853027
42.1593711853027
43.3187461853027
44.8796836853027
46.1999961853027
47.3593711853027
48.5999961853027
49.8390586853027
50.9999961853027
52.3593711853027
53.7187461853027
54.8390586853027
55.7187461853027
56.9999961853027
58.1593711853027
58.9593711853027
59.7999961853027
60.7187461853027
61.5999961853027
62.3593711853027
62.8796836853027
63.5999961853027
64.0390586853027
64.5187461853027
64.7999961853027
64.9999961853027
65.2796836853027
65.5999961853027
65.5999961853027
65.5999961853027
65.3999961853027
65.0796836853027
65.0390586853027
64.5187461853027
64.3593711853027
63.5593711853027
63.2796836853027
62.5999961853027
61.5999961853027
60.9999961853027
60.2390586853027
59.3187461853027
58.3593711853027
57.0796836853027
56.1593711853027
55.0390586853027
53.9999961853027
53.0390586853027
51.4796836853027
50.3593711853027
48.9999961853027
47.7999961853027
46.3187461853027
45.0390586853027
43.6796836853027
42.7593711853027
41.6796836853027
40.0796836853027
38.6796836853027
37.6796836853027
36.6390586853027
35.3999961853027
34.3999961853027
33.2796836853027
32.1999961853027
31.5187461853027
30.5187461853027
29.7593711853027
29.0796836853027
28.1187461853027
27.5999961853027
27.0390586853027
26.5999961853027
26.2390586853027
25.7999961853027
25.3999961853027
25.3999961853027
25.1999961853027
25.2390586853027
25.3593711853027
25.4390586853027
25.7593711853027
26.0390586853027
26.6390586853027
26.8796836853027
27.5593711853027
28.2390586853027
29.0390586853027
29.9593711853027
30.7187461853027
31.5999961853027
32.5999961853027
33.8390586853027
35.0796836853027
35.7593711853027
37.1999961853027
38.2390586853027
39.5593711853027
40.7999961853027
42.1593711853027
43.3999961853027
44.5999961853027
45.9999961853027
47.1593711853027
48.5187461853027
49.9593711853027
51.1187461853027
52.2796836853027
53.7187461853027
54.6796836853027
55.8390586853027
57.0796836853027
57.8390586853027
58.9593711853027
59.8390586853027
60.7999961853027
61.4796836853027
62.3593711853027
62.7999961853027
63.3999961853027
63.7593711853027
64.4390586853027
65.1593711853027
65.1187461853027
65.5187461853027
65.6796836853027
65.5999961853027
65.4390586853027
65.6796836853027
65.1187461853027
64.9999961853027
64.5999961853027
64.1187461853027
63.5593711853027
63.0796836853027
62.1187461853027
61.8390586853027
61.1187461853027
59.9593711853027
59.1593711853027
58.3187461853027
57.2796836853027
56.2796836853027
55.1187461853027
54.1187461853027
52.8390586853027
51.3593711853027
50.4390586853027
49.1593711853027
47.6796836853027
46.7593711853027
45.2796836853027
43.7593711853027
42.6390586853027
41.5999961853027
40.1593711853027
38.8390586853027
37.7187461853027
36.6796836853027
35.3999961853027
34.2796836853027
33.2796836853027
32.3999961853027
31.3593711853027
30.3999961853027
29.8390586853027
28.8390586853027
28.0390586853027
27.7187461853027
27.0390586853027
26.5999961853027
26.1187461853027
25.8390586853027
25.4390586853027
25.1999961853027
25.2390586853027
25.2796836853027
25.1999961853027
25.6390586853027
25.7593711853027
25.9593711853027
26.5593711853027
26.8390586853027
27.5999961853027
28.5593711853027
29.0796836853027
29.8390586853027
30.7187461853027
31.7999961853027
32.4796836853027
33.8390586853027
34.8390586853027
36.1999961853027
37.2390586853027
38.3999961853027
39.5593711853027
40.8390586853027
42.1999961853027
43.2796836853027
44.7187461853027
45.9999961853027
47.1999961853027
48.3593711853027
49.8390586853027
51.0796836853027
52.2390586853027
53.5593711853027
54.5593711853027
55.7999961853027
56.7999961853027
58.0796836853027
58.7187461853027
59.8796836853027
60.6390586853027
61.3187461853027
62.3999961853027
62.7593711853027
63.2796836853027
64.0390586853027
64.4390586853027
64.7593711853027
65.2390586853027
65.3593711853027
65.2390586853027
65.4796836853027
65.3593711853027
65.4796836853027
64.9187461853027
64.8390586853027
64.4390586853027
64.1187461853027
63.6796836853027
62.9593711853027
62.6390586853027
61.9187461853027
61.2390586853027
60.3187461853027
59.2796836853027
58.6390586853027
57.3999961853027
56.5593711853027
55.2796836853027
54.1187461853027
52.7999961853027
51.6796836853027
50.7187461853027
49.1187461853027
47.9999961853027
46.5593711853027
45.1593711853027
43.9999961853027
42.7187461853027
41.5999961853027
39.8796836853027
38.9593711853027
37.7593711853027
36.5593711853027
35.5999961853027
34.3187461853027
33.5187461853027
32.4390586853027
31.2390586853027
30.7593711853027
29.5999961853027
29.1187461853027
28.3187461853027
27.6390586853027
27.0390586853027
26.5187461853027
25.9999961853027
25.7187461853027
25.6796836853027
25.5187461853027
25.1593711853027
25.2796836853027
25.3999961853027
25.9593711853027
25.7187461853027
26.0390586853027
26.3999961853027
26.5999961853027
27.6390586853027
28.2796836853027
29.0796836853027
29.8796836853027
30.5999961853027
31.4796836853027
32.4390586853027
33.6390586853027
34.7999961853027
35.7999961853027
37.0390586853027
38.2796836853027
39.4390586853027
41.0390586853027
41.9999961853027
43.3593711853027
44.4796836853027
46.1593711853027
47.3187461853027
48.6390586853027
49.6796836853027
50.9593711853027
52.1999961853027
53.3593711853027
54.8390586853027
55.8390586853027
56.7187461853027
57.8390586853027
58.9187461853027
59.5187461853027
60.5999961853027
61.3187461853027
62.1999961853027
62.9593711853027
63.3187461853027
64.0390586853027
64.3999961853027
64.8796836853027
65.2796836853027
65.2796836853027
65.3999961853027
65.2390586853027
65.5593711853027
65.4796836853027
65.1187461853027
64.8390586853027
64.6796836853027
64.1999961853027
63.7187461853027
63.1999961853027
62.4390586853027
61.7187461853027
61.3593711853027
60.4390586853027
59.3187461853027
58.4796836853027
57.6390586853027
56.2390586853027
55.1593711853027
54.1999961853027
52.8796836853027
51.7593711853027
50.3593711853027
49.2796836853027
48.0796836853027
46.5593711853027
45.4796836853027
44.1593711853027
42.6796836853027
41.5593711853027
40.4390586853027
39.1999961853027
37.9999961853027
36.7593711853027
35.8390586853027
34.5187461853027
33.2390586853027
32.3187461853027
31.6796836853027
30.4796836853027
29.9593711853027
29.1999961853027
28.2390586853027
27.5187461853027
26.9999961853027
26.5999961853027
26.3187461853027
25.7999961853027
25.3593711853027
25.3999961853027
25.3593711853027
25.0390586853027
25.4796836853027
25.4390586853027
25.6796836853027
26.2390586853027
26.4390586853027
26.7999961853027
27.5999961853027
28.1999961853027
28.9593711853027
29.6796836853027
30.7593711853027
31.3593711853027
32.4796836853027
33.8390586853027
34.9187461853027
36.1187461853027
36.8390586853027
38.6390586853027
39.4796836853027
40.7187461853027
42.1187461853027
43.3187461853027
44.5593711853027
45.9187461853027
47.1593711853027
48.2796836853027
49.7187461853027
51.1593711853027
52.1593711853027
53.4796836853027
54.6390586853027
55.9187461853027
56.4796836853027
57.7187461853027
58.6390586853027
59.6796836853027
61.0390586853027
61.5187461853027
62.3593711853027
62.8390586853027
63.6796836853027
64.2796836853027
64.4390586853027
64.7593711853027
64.8390586853027
65.1187461853027
65.3999961853027
65.6390586853027
65.5187461853027
65.1593711853027
64.9999961853027
65.0390586853027
64.6796836853027
64.3187461853027
63.8390586853027
62.9999961853027
62.5187461853027
61.7187461853027
61.0390586853027
60.4390586853027
59.3999961853027
58.4796836853027
57.4796836853027
56.1593711853027
55.1999961853027
54.2390586853027
53.0390586853027
51.7187461853027
50.5999961853027
49.1999961853027
48.1593711853027
46.6390586853027
45.3999961853027
44.3187461853027
42.7999961853027
