-2.09624999284744
-1.94406249284744
-1.78406249284744
-1.61624999284744
-1.53624999284744
-1.36812499284744
-1.20812499284744
-1.04812499284744
-0.839999992847443
-0.679999992847443
-0.519999992847443
-0.352187492847443
-0.239999992847443
-0.0562499928474426
0.151875007152557
0.327812507152557
0.455937507152557
0.703750007152557
0.807812507152557
0.960000007152557
1.12000000715256
1.29593750715256
1.45593750715256
1.60781250715256
1.72781250715256
1.85593750715256
2.00000000715256
2.06375000715256
2.15187500715256
2.22375000715256
2.37593750715256
2.39187500715256
2.44000000715256
2.54375000715256
2.56000000715256
2.58375000715256
2.54375000715256
2.57593750715256
2.60000000715256
2.55187500715256
2.55187500715256
2.50375000715256
2.50375000715256
2.42375000715256
2.36781250715256
2.26375000715256
2.15187500715256
2.06375000715256
1.96781250715256
1.84781250715256
1.74375000715256
1.56000000715256
1.48781250715256
1.29593750715256
1.16000000715256
0.967812507152557
0.775937507152557
0.607812507152557
0.503750007152557
0.303750007152557
0.143750007152557
7.15255737970821E-09
-0.199999992847443
-0.399999992847443
-0.528124992847443
-0.712187492847443
-0.912187492847443
-1.02406249284744
-1.23218749284744
-1.36812499284744
-1.50406249284744
-1.65624999284744
-1.76812499284744
-1.96812499284744
-2.08812499284744
-2.18406249284744
-2.26406249284744
-2.39218749284744
-2.51218749284744
-2.58406249284744
-2.64812499284744
-2.67999999284744
-2.74406249284744
-2.81624999284744
-2.83999999284744
-2.86406249284744
-2.82406249284744
-2.87218749284744
-2.82406249284744
-2.82406249284744
-2.71999999284744
-2.68812499284744
-2.61624999284744
-2.57624999284744
-2.51218749284744
-2.37624999284744
-2.28812499284744
-2.17624999284744
-2.06406249284744
-1.89624999284744
-1.81624999284744
-1.63999999284744
-1.49624999284744
-1.32812499284744
-1.16812499284744
-1.03218749284744
-0.888124992847443
-0.688124992847443
-0.519999992847443
-0.359999992847443
-0.176249992847443
-0.0481249928474426
0.120000007152557
0.335937507152557
0.495937507152557
0.655937507152557
0.823750007152557
0.991875007152558
1.17593750715256
1.28000000715256
1.48000000715256
1.65593750715256
1.69593750715256
1.80781250715256
1.90375000715256
2.06375000715256
2.13593750715256
2.27187500715256
2.31187500715256
2.44000000715256
2.48781250715256
2.52000000715256
2.57593750715256
2.58375000715256
2.59187500715256
2.63187500715256
2.60000000715256
2.59187500715256
2.52781250715256
2.44781250715256
2.48000000715256
2.38375000715256
2.32781250715256
2.24781250715256
2.19187500715256
2.12000000715256
2.00000000715256
1.88781250715256
1.76000000715256
1.57593750715256
1.48781250715256
1.32000000715256
1.11187500715256
0.943750007152557
0.855937507152557
0.647812507152557
0.487812507152557
0.280000007152557
0.151875007152557
-0.0481249928474426
-0.199999992847443
-0.376249992847443
-0.559999992847443
-0.719999992847443
-0.888124992847443
-1.10406249284744
-1.24812499284744
-1.37624999284744
-1.51218749284744
-1.67218749284744
-1.82406249284744
-1.92812499284744
-2.04812499284744
-2.19218749284744
-2.35218749284744
-2.37624999284744
-2.48812499284744
-2.51999999284744
-2.62406249284744
-2.70406249284744
-2.75999999284744
-2.77624999284744
-2.79218749284744
-2.83999999284744
-2.82406249284744
-2.80812499284744
-2.79218749284744
-2.76812499284744
-2.73624999284744
-2.65624999284744
-2.65624999284744
-2.55999999284744
-2.48812499284744
-2.40812499284744
-2.31999999284744
-2.14406249284744
-2.06406249284744
-1.90406249284744
-1.81624999284744
-1.66406249284744
-1.52812499284744
-1.33624999284744
-1.23999999284744
-1.04812499284744
-0.856249992847443
-0.679999992847443
-0.504062492847443
-0.416249992847443
-0.248124992847443
-0.00812499284744261
0.120000007152557
0.311875007152557
0.503750007152557
0.671875007152557
0.783750007152557
0.991875007152558
1.16781250715256
1.25593750715256
1.43187500715256
1.53593750715256
1.76781250715256
1.84000000715256
1.99187500715256
2.03187500715256
2.16000000715256
2.23187500715256
2.32781250715256
2.40781250715256
2.47187500715256
2.48000000715256
2.56000000715256
2.57593750715256
2.57593750715256
2.60781250715256
2.60000000715256
2.58375000715256
2.54375000715256
2.52000000715256
2.47187500715256
2.43187500715256
2.33593750715256
2.31187500715256
2.19187500715256
2.10375000715256
2.01593750715256
1.91187500715256
1.75187500715256
1.58375000715256
1.48000000715256
1.31187500715256
1.20000000715256
0.967812507152557
0.815937507152557
0.695937507152557
0.543750007152557
0.351875007152557
0.135937507152557
-0.0162499928474426
-0.176249992847443
-0.376249992847443
-0.552187492847443
-0.679999992847443
-0.839999992847443
-0.999999992847443
-1.20812499284744
-1.36812499284744
-1.47218749284744
-1.64812499284744
-1.77624999284744
-1.92812499284744
-2.02406249284744
-2.18406249284744
-2.28812499284744
-2.39999999284744
-2.47999999284744
-2.58406249284744
-2.62406249284744
-2.66406249284744
-2.73624999284744
-2.75218749284744
-2.82406249284744
-2.84812499284744
-2.86406249284744
-2.86406249284744
-2.80812499284744
-2.76812499284744
-2.71218749284744
-2.74406249284744
-2.66406249284744
-2.62406249284744
-2.51218749284744
-2.40812499284744
-2.27218749284744
-2.15999999284744
-2.02406249284744
-1.95999999284744
-1.79218749284744
-1.64812499284744
-1.48812499284744
-1.37624999284744
-1.20812499284744
-1.03999999284744
-0.879999992847443
-0.712187492847443
-0.528124992847443
-0.359999992847443
-0.239999992847443
-0.0640624928474426
0.160000007152557
0.263750007152557
0.423750007152557
0.640000007152557
0.823750007152557
1.01593750715256
1.09593750715256
1.26375000715256
1.47187500715256
1.63187500715256
1.71187500715256
1.84781250715256
1.95187500715256
2.05593750715256
2.16000000715256
2.21593750715256
2.32000000715256
2.39187500715256
2.47187500715256
2.53593750715256
2.56000000715256
2.58375000715256
2.59187500715256
2.60781250715256
2.60781250715256
2.61593750715256
2.57593750715256
2.50375000715256
2.47187500715256
2.42375000715256
2.33593750715256
2.28781250715256
2.18375000715256
2.10375000715256
2.00781250715256
1.88000000715256
1.76781250715256
1.59187500715256
1.47187500715256
1.31187500715256
1.14375000715256
1.00781250715256
0.855937507152557
0.695937507152557
0.503750007152557
0.295937507152557
0.103750007152557
-0.0162499928474426
-0.184062492847443
-0.344062492847443
-0.504062492847443
-0.688124992847443
-0.848124992847443
-1.03218749284744
-1.19999999284744
-1.31999999284744
-1.49624999284744
-1.59999999284744
-1.79999999284744
-1.95218749284744
-2.08812499284744
-2.16812499284744
-2.27218749284744
-2.39999999284744
-2.45624999284744
-2.59218749284744
-2.59218749284744
-2.71999999284744
-2.76812499284744
-2.74406249284744
-2.82406249284744
-2.81624999284744
-2.83999999284744
-2.85624999284744
-2.80812499284744
-2.77624999284744
-2.75999999284744
-2.71218749284744
-2.64812499284744
-2.56812499284744
-2.48812499284744
-2.38406249284744
-2.27218749284744
-2.19218749284744
-2.06406249284744
-1.91218749284744
-1.79999999284744
-1.63999999284744
-1.49624999284744
-1.38406249284744
-1.18406249284744
-1.07999999284744
-0.879999992847443
-0.688124992847443
-0.536249992847443
-0.408124992847443
-0.199999992847443
-0.0481249928474426
0.120000007152557
0.280000007152557
0.487812507152557
0.663750007152557
0.831875007152557
1.00781250715256
1.12000000715256
1.28000000715256
1.44781250715256
1.60000000715256
1.74375000715256
1.84000000715256
1.98375000715256
2.04000000715256
2.16781250715256
2.24000000715256
2.31187500715256
2.43187500715256
2.44000000715256
2.53593750715256
2.56781250715256
2.55187500715256
2.63187500715256
2.65593750715256
2.58375000715256
2.59187500715256
2.54375000715256
2.53593750715256
2.49593750715256
2.42375000715256
2.36000000715256
2.31187500715256
2.22375000715256
2.09593750715256
1.96781250715256
1.83187500715256
1.77593750715256
1.64000000715256
1.48781250715256
1.27187500715256
1.16000000715256
0.975937507152557
0.800000007152557
0.647812507152557
0.511875007152557
0.360000007152557
0.175937507152557
-0.0321874928474426
-0.192187492847443
-0.392187492847443
-0.479999992847443
-0.704062492847443
-0.856249992847443
-1.00812499284744
-1.18406249284744
-1.38406249284744
-1.43218749284744
-1.65624999284744
-1.82406249284744
-1.90406249284744
-2.06406249284744
-2.15999999284744
-2.31218749284744
-2.32812499284744
-2.51999999284744
-2.60812499284744
-2.61624999284744
-2.68812499284744
-2.74406249284744
-2.73624999284744
-2.75218749284744
-2.83999999284744
-2.84812499284744
-2.85624999284744
-2.81624999284744
-2.82406249284744
-2.76812499284744
-2.70406249284744
-2.65624999284744
-2.55999999284744
-2.48812499284744
-2.37624999284744
-2.36812499284744
-2.15218749284744
-2.07999999284744
-1.91999999284744
-1.78406249284744
-1.69624999284744
-1.50406249284744
-1.36812499284744
-1.23999999284744
-1.04812499284744
-0.864062492847443
-0.728124992847443
-0.576249992847443
-0.368124992847443
-0.232187492847443
-0.0399999928474426
0.111875007152557
0.311875007152557
0.383750007152557
0.647812507152557
0.831875007152557
0.943750007152557
1.10375000715256
1.21593750715256
1.42375000715256
1.56000000715256
1.72000000715256
1.81593750715256
1.95187500715256
2.04000000715256
2.13593750715256
2.19187500715256
2.31187500715256
2.39187500715256
2.46375000715256
2.55187500715256
2.55187500715256
2.56781250715256
2.60000000715256
2.63187500715256
2.59187500715256
2.56781250715256
2.54375000715256
2.52781250715256
2.44000000715256
2.40000000715256
2.34375000715256
2.30375000715256
2.23187500715256
2.06375000715256
1.98375000715256
1.88000000715256
1.75187500715256
1.63187500715256
1.46375000715256
1.32781250715256
1.18375000715256
1.04000000715256
0.823750007152557
0.671875007152557
0.495937507152557
0.327812507152557
0.151875007152557
-0.0162499928474426
-0.144062492847443
-0.319999992847443
-0.496249992847443
-0.632187492847443
-0.832187492847443
-1.00812499284744
-1.17624999284744
-1.36812499284744
-1.49624999284744
-1.58406249284744
-1.86406249284744
-1.91999999284744
-2.02406249284744
-2.15218749284744
-2.25624999284744
-2.35218749284744
-2.48812499284744
-2.56812499284744
-2.61624999284744
-2.69624999284744
-2.75218749284744
-2.75218749284744
-2.81624999284744
-2.82406249284744
-2.83218749284744
-2.82406249284744
-2.84812499284744
-2.78406249284744
-2.76812499284744
-2.67218749284744
-2.66406249284744
-2.61624999284744
-2.47218749284744
-2.38406249284744
-2.31999999284744
-2.19999999284744
-2.07218749284744
-1.89624999284744
-1.83218749284744
-1.71999999284744
-1.50406249284744
-1.40812499284744
-1.23218749284744
-1.03218749284744
-0.864062492847443
-0.719999992847443
-0.599999992847443
-0.376249992847443
-0.216249992847443
-0.0640624928474426
0.111875007152557
0.263750007152557
0.463750007152557
0.623750007152557
0.800000007152557
0.960000007152557
1.10375000715256
1.24781250715256
1.44781250715256
1.53593750715256
1.68000000715256
1.78375000715256
1.90375000715256
2.09593750715256
2.22375000715256
2.23187500715256
2.32781250715256
2.40000000715256
2.50375000715256
2.50375000715256
2.56781250715256
2.57593750715256
2.60781250715256
2.60781250715256
2.60781250715256
2.57593750715256
2.53593750715256
2.56000000715256
2.48000000715256
2.43187500715256
2.36000000715256
2.25593750715256
2.18375000715256
2.14375000715256
2.02375000715256
1.86375000715256
1.76781250715256
1.64000000715256
1.47187500715256
1.30375000715256
1.17593750715256
1.00000000715256
0.840000007152557
0.671875007152557
0.503750007152557
0.351875007152557
0.183750007152557
-0.0562499928474426
-0.176249992847443
-0.272187492847443
-0.496249992847443
-0.648124992847443
-0.872187492847443
-0.984062492847443
-1.17624999284744
-1.31999999284744
-1.51999999284744
-1.64812499284744
-1.79218749284744
-1.88812499284744
-2.03999999284744
-2.20812499284744
-2.26406249284744
-2.36812499284744
-2.47999999284744
-2.55999999284744
-2.67218749284744
-2.67218749284744
-2.71999999284744
-2.80812499284744
-2.83218749284744
-2.78406249284744
-2.86406249284744
-2.84812499284744
-2.79999999284744
-2.78406249284744
-2.75218749284744
-2.67218749284744
-2.64812499284744
-2.59999999284744
-2.49624999284744
-2.37624999284744
-2.34406249284744
-2.18406249284744
-2.06406249284744
-1.93624999284744
-1.81624999284744
-1.68812499284744
-1.50406249284744
-1.33624999284744
-1.18406249284744
-1.08812499284744
-0.912187492847443
-0.728124992847443
-0.576249992847443
-0.416249992847443
-0.232187492847443
-0.0799999928474426
0.0478125071525574
0.303750007152557
0.447812507152557
0.583750007152557
0.743750007152557
0.943750007152557
1.06375000715256
1.27187500715256
1.40000000715256
1.56781250715256
1.69593750715256
1.81593750715256
1.94375000715256
2.08000000715256
2.20000000715256
2.20000000715256
2.31187500715256
2.41593750715256
2.47187500715256
2.48000000715256
2.53593750715256
2.56000000715256
2.61593750715256
2.56781250715256
2.61593750715256
2.60781250715256
2.55187500715256
2.54375000715256
2.47187500715256
2.46375000715256
2.33593750715256
2.31187500715256
2.17593750715256
2.11187500715256
1.97593750715256
1.92000000715256
1.76781250715256
1.62375000715256
1.50375000715256
1.32000000715256
1.15187500715256
1.00781250715256
0.863750007152557
0.711875007152557
0.560000007152557
0.351875007152557
0.151875007152557
0.0237500071525574
-0.159999992847443
-0.336249992847443
-0.479999992847443
-0.616249992847443
-0.816249992847443
-0.944062492847443
-1.18406249284744
-1.33624999284744
-1.49624999284744
-1.62406249284744
-1.72812499284744
-1.93624999284744
-2.04812499284744
-2.19218749284744
-2.24812499284744
-2.38406249284744
-2.49624999284744
-2.53624999284744
-2.56812499284744
-2.67999999284744
-2.75999999284744
-2.75218749284744
-2.83218749284744
-2.83999999284744
-2.81624999284744
-2.83999999284744
-2.84812499284744
-2.79999999284744
-2.75999999284744
-2.65624999284744
-2.61624999284744
-2.55999999284744
-2.54406249284744
-2.39999999284744
-2.30406249284744
-2.16812499284744
-2.11999999284744
-1.97624999284744
-1.84812499284744
-1.70406249284744
-1.52812499284744
-1.39218749284744
-1.26406249284744
-1.05624999284744
-0.896249992847443
-0.719999992847443
-0.584062492847443
-0.399999992847443
-0.232187492847443
-0.0562499928474426
0.0959375071525574
0.280000007152557
0.407812507152557
0.583750007152557
0.783750007152557
0.951875007152557
1.12781250715256
1.24000000715256
1.42375000715256
1.52781250715256
1.68000000715256
1.79187500715256
1.95187500715256
2.06375000715256
2.16781250715256
2.23187500715256
2.32781250715256
2.39187500715256
2.48000000715256
2.52000000715256
2.55187500715256
2.60000000715256
2.60000000715256
2.62375000715256
2.54375000715256
2.58375000715256
2.56000000715256
2.52000000715256
2.45593750715256
2.40781250715256
2.31187500715256
2.29593750715256
2.22375000715256
2.10375000715256
2.05593750715256
1.95187500715256
1.77593750715256
1.64781250715256
1.46375000715256
1.36781250715256
1.16000000715256
1.07187500715256
0.871875007152557
0.695937507152557
0.455937507152557
0.360000007152557
0.167812507152557
-0.0399999928474426
-0.159999992847443
-0.319999992847443
-0.504062492847443
-0.672187492847443
-0.879999992847443
-1.01624999284744
-1.15999999284744
-1.34406249284744
-1.51218749284744
-1.57624999284744
-1.77624999284744
-1.91999999284744
-2.02406249284744
-2.19218749284744
-2.29624999284744
-2.39999999284744
-2.46406249284744
-2.54406249284744
-2.67218749284744
-2.69624999284744
-2.72812499284744
-2.78406249284744
-2.79218749284744
-2.87999999284744
-2.86406249284744
-2.84812499284744
-2.83218749284744
-2.83999999284744
-2.78406249284744
-2.75999999284744
-2.64812499284744
-2.59999999284744
-2.53624999284744
-2.41624999284744
-2.29624999284744
-2.21624999284744
-2.03999999284744
-2.01624999284744
-1.86406249284744
-1.67999999284744
-1.49624999284744
-1.39999999284744
-1.20812499284744
-1.06406249284744
-0.888124992847443
-0.744062492847443
-0.536249992847443
-0.376249992847443
-0.272187492847443
-0.0881249928474426
0.0878125071525574
0.263750007152557
0.431875007152557
0.583750007152557
0.783750007152557
0.960000007152557
1.08781250715256
1.27187500715256
1.44000000715256
1.55187500715256
1.68000000715256
1.77593750715256
1.92000000715256
2.01593750715256
2.16000000715256
2.24000000715256
2.26375000715256
2.39187500715256
2.47187500715256
2.51187500715256
2.52000000715256
2.57593750715256
2.60000000715256
2.59187500715256
2.56000000715256
2.59187500715256
2.57593750715256
2.53593750715256
2.50375000715256
2.45593750715256
2.28000000715256
2.30375000715256
2.20781250715256
2.12000000715256
2.00000000715256
1.91187500715256
1.79187500715256
1.65593750715256
1.45593750715256
1.35187500715256
1.24000000715256
1.08000000715256
0.895937507152557
0.743750007152557
0.543750007152557
0.320000007152557
0.167812507152557
0.0237500071525574
-0.144062492847443
-0.296249992847443
-0.472187492847443
-0.639999992847443
-0.824062492847443
-0.984062492847443
-1.19999999284744
-1.33624999284744
-1.45624999284744
-1.60812499284744
-1.77624999284744
-1.86406249284744
-2.00812499284744
-2.14406249284744
-2.28812499284744
-2.38406249284744
-2.45624999284744
-2.53624999284744
-2.65624999284744
-2.73624999284744
-2.71999999284744
-2.79218749284744
-2.82406249284744
-2.83218749284744
-2.85624999284744
-2.83218749284744
-2.83218749284744
-2.83999999284744
-2.76812499284744
-2.75999999284744
-2.62406249284744
-2.62406249284744
-2.51999999284744
-2.40812499284744
-2.31999999284744
-2.16812499284744
-2.09624999284744
-1.98406249284744
-1.82406249284744
-1.67218749284744
-1.55218749284744
-1.42406249284744
-1.21624999284744
-1.07218749284744
-0.864062492847443
-0.759999992847443
-0.608124992847443
-0.432187492847443
-0.208124992847443
-0.0562499928474426
0.0478125071525574
0.247812507152557
0.431875007152557
0.607812507152557
0.760000007152557
0.960000007152557
