5.58374992370605
5.63187492370605
5.70374992370605
5.81593742370606
5.88781242370605
5.99187492370605
6.07999992370605
6.18374992370605
6.26374992370605
6.35187492370605
6.51187492370605
6.60781242370605
6.67999992370605
6.79999992370605
6.91999992370605
6.96781242370605
7.04781242370605
7.19187492370606
7.27187492370605
7.35999992370605
7.48781242370606
7.59187492370605
7.63187492370605
7.67999992370605
7.83999992370605
7.92781242370605
7.97593742370606
8.03999992370606
8.07187492370606
8.16781242370605
8.22374992370606
8.30374992370606
8.31999992370605
8.40781242370606
8.38374992370606
8.37593742370606
8.38374992370606
8.46374992370605
8.51187492370605
8.39999992370606
8.42374992370605
8.40781242370606
8.35999992370605
8.35999992370605
8.35999992370605
8.29593742370606
8.25593742370605
8.23187492370606
8.09593742370605
8.05593742370606
7.99999992370605
7.93593742370605
7.83187492370605
7.75999992370605
7.65593742370605
7.53593742370605
7.43999992370606
7.36781242370605
7.30374992370605
7.15187492370606
7.04781242370605
6.97593742370605
6.85593742370606
6.79187492370605
6.69593742370605
6.55187492370605
6.40781242370606
6.34374992370605
6.19187492370605
6.13593742370605
6.00781242370605
5.91999992370605
5.82374992370606
5.75187492370605
5.68781242370605
5.63999992370606
5.56781242370606
5.44781242370605
5.45593742370605
5.39187492370605
5.27999992370605
5.29593742370605
5.23999992370605
5.16781242370605
5.13593742370605
5.14374992370605
5.14374992370605
5.15187492370606
5.14374992370605
5.17593742370605
5.20781242370605
5.20781242370605
5.18374992370605
5.25593742370605
5.33593742370605
5.36781242370605
5.40781242370606
5.48781242370606
5.56781242370606
5.64781242370606
5.73593742370606
5.79999992370605
5.87187492370605
5.99187492370605
6.01593742370605
6.13593742370605
6.21593742370605
6.38374992370605
6.41593742370605
6.55187492370605
6.67187492370605
6.79999992370605
6.83187492370605
6.96781242370605
7.07999992370605
7.16781242370605
7.27187492370605
7.30374992370605
7.46374992370605
7.55187492370605
7.68781242370605
7.69593742370605
7.84781242370605
7.90374992370606
8.00781242370605
8.06374992370606
8.07999992370605
8.18374992370605
8.25593742370605
8.26374992370605
8.33593742370605
8.39187492370606
8.37593742370606
8.42374992370605
8.38374992370606
8.43187492370605
8.39999992370606
8.41593742370605
8.43187492370605
8.41593742370605
8.35187492370605
8.39999992370606
8.31999992370605
8.35187492370605
8.25593742370605
8.19999992370606
8.14374992370606
8.06374992370606
7.98374992370606
7.93593742370605
7.86374992370606
7.79999992370605
7.64781242370606
7.59999992370605
7.46374992370605
7.35999992370605
7.24781242370605
7.18374992370605
7.08781242370605
6.99187492370605
6.86374992370606
6.75999992370605
6.69593742370605
6.56781242370606
6.43999992370606
6.36781242370605
6.24781242370605
6.17593742370605
6.09593742370605
6.01593742370605
5.92781242370605
5.78374992370605
5.65593742370605
5.62374992370605
5.52781242370605
5.46374992370605
5.37593742370605
5.31187492370606
5.32781242370605
5.26374992370605
5.21593742370605
5.15999992370605
5.19187492370605
5.12781242370605
5.14374992370605
5.11999992370605
5.15187492370606
5.15999992370605
5.15999992370605
5.17593742370605
5.25593742370605
5.23999992370605
5.33593742370605
5.34374992370605
5.43187492370605
5.48781242370606
5.55187492370605
5.59999992370605
5.75999992370605
5.79187492370605
5.90374992370606
5.97593742370606
6.07187492370606
6.16781242370605
6.23999992370605
6.35187492370605
6.42374992370605
6.60781242370605
6.72781242370605
6.75187492370605
6.87187492370605
6.98374992370605
7.04781242370605
7.19999992370605
7.27187492370605
7.36781242370605
7.41593742370605
7.53593742370605
7.67187492370605
7.70374992370605
7.85593742370606
7.89593742370606
7.98374992370606
8.03999992370606
8.07999992370605
8.19187492370605
8.22374992370606
8.23999992370605
8.32781242370605
8.31187492370606
8.40781242370606
8.41593742370605
8.43999992370605
8.40781242370606
8.45593742370605
8.43187492370605
8.41593742370605
8.40781242370606
8.40781242370606
8.39187492370606
8.31999992370605
8.31999992370605
8.23999992370605
8.22374992370606
8.10374992370605
8.04781242370606
8.01593742370605
7.95187492370605
7.86374992370606
7.75187492370605
7.63187492370605
7.55187492370605
7.46374992370605
7.37593742370605
7.25593742370605
7.11187492370606
7.06374992370605
6.95999992370605
6.91187492370605
6.76781242370605
6.67187492370605
6.51999992370605
6.40781242370606
6.27999992370605
6.26374992370605
6.13593742370605
6.05593742370605
5.91187492370605
5.83999992370605
5.78374992370605
5.66374992370605
5.63999992370606
5.56781242370606
5.44781242370605
5.43999992370605
5.36781242370605
5.32781242370605
5.22374992370605
5.16781242370605
5.23999992370605
5.15999992370605
5.13593742370605
5.13593742370605
5.15187492370606
5.17593742370605
5.16781242370605
5.11999992370605
5.20781242370605
5.20781242370605
5.24781242370605
5.26374992370605
5.38374992370605
5.43187492370605
5.47187492370605
5.55187492370605
5.63999992370606
5.67999992370605
5.77593742370605
5.87187492370605
5.97593742370606
6.11187492370606
6.15999992370605
6.21593742370605
6.43187492370605
6.43999992370606
6.61593742370605
6.62374992370605
6.77593742370606
6.90374992370606
6.95999992370605
7.07999992370605
7.10374992370605
7.31187492370605
7.35187492370605
7.44781242370606
7.54374992370605
7.64781242370606
7.69593742370605
7.82374992370606
7.89593742370606
7.97593742370606
8.01593742370605
8.15187492370606
8.17593742370605
8.23999992370605
8.26374992370605
8.35187492370605
8.34374992370605
8.43187492370605
8.39187492370606
8.39999992370606
8.45593742370605
8.42374992370605
8.44781242370605
8.44781242370605
8.39999992370606
8.39187492370606
8.34374992370605
8.35187492370605
8.31187492370606
8.25593742370605
8.20781242370606
8.12781242370605
8.11187492370605
8.01593742370605
7.96781242370605
7.83187492370605
7.79187492370605
7.73593742370606
7.57593742370605
7.46374992370605
7.40781242370606
7.22374992370605
7.18374992370605
7.04781242370605
6.95999992370605
6.90374992370606
6.74374992370606
6.63187492370605
6.55187492370605
6.47187492370605
6.34374992370605
6.23187492370606
6.18374992370605
6.04781242370605
5.99999992370605
5.84781242370605
5.79187492370605
5.74374992370606
5.63999992370606
5.50374992370605
5.51187492370605
5.42374992370605
5.39187492370605
5.29593742370605
5.21593742370605
5.18374992370605
5.20781242370605
5.15999992370605
5.14374992370605
5.16781242370605
5.13593742370605
5.17593742370605
5.11187492370605
5.18374992370605
5.14374992370605
5.21593742370605
5.24781242370605
5.28781242370605
5.35999992370605
5.39999992370606
5.50374992370605
5.54374992370605
5.58374992370605
5.70374992370605
5.79187492370605
5.87999992370605
5.94374992370605
6.01593742370605
6.16781242370605
6.25593742370605
6.37593742370605
6.46374992370605
6.51999992370605
6.63187492370605
6.79999992370605
6.87187492370605
6.97593742370605
7.09593742370605
7.17593742370605
7.27187492370605
7.37593742370605
7.47999992370606
7.55187492370605
7.61593742370605
7.71187492370605
7.82374992370606
7.90374992370606
7.98374992370606
8.06374992370606
8.05593742370606
8.13593742370606
8.27187492370605
8.24781242370605
8.29593742370606
8.33593742370605
8.37593742370606
8.44781242370605
8.43187492370605
8.43999992370605
8.40781242370606
8.44781242370605
8.40781242370606
8.40781242370606
8.40781242370606
8.38374992370606
8.36781242370605
8.32781242370605
8.24781242370605
8.20781242370606
8.12781242370605
8.06374992370606
8.03187492370605
7.93593742370605
7.84781242370605
7.79187492370605
7.67187492370605
7.58374992370605
7.48781242370606
7.41593742370605
7.25593742370605
7.18374992370605
7.07187492370606
6.98374992370605
6.87999992370605
6.80781242370605
6.65593742370605
6.55187492370605
6.43999992370606
6.39187492370605
6.23999992370605
6.15999992370605
6.07187492370606
5.93593742370605
5.86374992370605
5.72781242370605
5.69593742370605
5.58374992370605
5.57593742370605
5.47187492370605
5.39999992370606
5.34374992370605
5.27999992370605
5.20781242370605
5.23187492370606
5.22374992370605
5.15999992370605
5.11187492370605
5.11187492370605
5.15187492370606
5.07999992370605
5.15999992370605
5.15187492370606
5.18374992370605
5.17593742370605
5.31187492370606
5.31187492370606
5.31999992370605
5.43187492370605
5.43999992370605
5.55187492370605
5.62374992370605
5.69593742370605
5.76781242370605
5.85593742370605
5.96781242370605
6.11999992370605
6.18374992370605
6.27999992370605
6.35187492370605
6.43999992370606
6.51187492370605
6.68781242370605
6.79999992370605
6.89593742370606
6.91187492370605
7.03999992370605
7.16781242370605
7.26374992370605
7.34374992370605
7.42374992370605
7.56781242370606
7.60781242370605
7.72781242370605
7.80781242370605
7.89593742370606
7.92781242370605
8.01593742370605
8.10374992370605
8.15187492370606
8.25593742370605
8.25593742370605
8.32781242370605
8.35187492370605
8.35999992370605
8.44781242370605
8.48781242370606
8.45593742370605
8.47999992370606
8.47187492370606
8.44781242370605
8.40781242370606
8.41593742370605
8.36781242370605
8.31999992370605
8.26374992370605
8.27187492370605
8.21593742370606
8.14374992370606
8.12781242370605
7.99999992370605
7.96781242370605
7.85593742370606
7.72781242370605
7.64781242370606
7.58374992370605
7.47999992370606
7.33593742370605
7.31187492370605
7.19187492370606
7.08781242370605
6.99187492370605
6.89593742370606
6.79187492370605
6.71999992370605
6.51999992370605
6.45593742370605
6.31999992370605
6.22374992370605
6.13593742370605
6.07187492370606
5.92781242370605
5.85593742370605
5.80781242370605
5.65593742370605
5.63187492370605
5.51187492370605
5.47187492370605
5.41593742370605
5.33593742370605
5.31999992370605
5.23187492370606
5.19999992370605
5.18374992370605
5.15999992370605
5.14374992370605
5.07187492370606
5.11187492370605
5.17593742370605
5.12781242370605
5.16781242370605
5.17593742370605
5.20781242370605
5.25593742370605
5.34374992370605
5.35999992370605
5.36781242370605
5.50374992370605
5.51999992370605
5.59999992370605
5.68781242370605
5.82374992370606
5.87187492370605
5.94374992370605
5.96781242370605
6.17593742370605
6.20781242370605
6.40781242370606
6.43187492370605
6.54374992370605
6.63187492370605
6.75999992370605
6.93593742370605
6.93593742370605
7.04781242370605
7.15187492370606
7.21593742370605
7.36781242370605
7.40781242370606
7.53593742370605
7.63999992370606
7.70374992370605
7.77593742370606
7.89593742370606
7.95999992370605
8.03187492370605
8.13593742370606
8.14374992370606
8.22374992370606
8.23999992370605
8.29593742370606
8.36781242370605
8.37593742370606
8.39187492370606
8.46374992370605
8.45593742370605
8.45593742370605
8.44781242370605
8.51187492370605
8.42374992370605
8.39187492370606
8.37593742370606
8.30374992370606
8.33593742370605
8.27999992370605
8.15999992370605
8.14374992370606
8.08781242370605
8.03187492370605
7.92781242370605
7.91187492370605
7.75999992370605
7.67187492370605
7.59999992370605
7.46374992370605
7.41593742370605
7.27187492370605
7.18374992370605
7.09593742370605
6.99999992370605
6.89593742370606
6.79187492370605
6.75187492370605
6.59187492370605
6.43187492370605
6.34374992370605
6.22374992370605
6.17593742370605
6.09593742370605
6.01593742370605
5.85593742370605
5.77593742370605
5.71999992370605
5.59187492370605
5.55999992370606
5.46374992370605
5.37593742370605
5.35999992370605
5.31999992370605
5.28781242370605
5.23187492370606
5.16781242370605
5.14374992370605
5.15187492370606
5.13593742370605
5.13593742370605
5.13593742370605
5.13593742370605
5.14374992370605
5.17593742370605
5.21593742370605
5.22374992370605
5.31187492370606
5.38374992370605
5.39187492370605
5.51187492370605
5.50374992370605
5.57593742370605
5.74374992370606
5.77593742370605
5.86374992370605
5.95999992370605
6.04781242370605
6.07999992370605
6.23187492370606
6.34374992370605
6.47187492370605
6.58374992370605
6.66374992370605
6.75999992370605
6.85593742370606
6.97593742370605
7.08781242370605
7.16781242370605
7.27187492370605
7.37593742370605
7.48781242370606
7.51187492370605
7.59187492370605
7.73593742370606
7.83187492370605
7.85593742370606
7.93593742370605
8.07187492370606
8.11999992370605
8.16781242370605
8.23187492370606
8.30374992370606
8.32781242370605
8.40781242370606
8.39187492370606
8.42374992370605
8.43999992370605
8.47187492370606
8.47187492370606
8.47187492370606
8.41593742370605
8.40781242370606
8.42374992370605
8.34374992370605
8.38374992370606
8.31187492370606
8.29593742370606
8.21593742370606
8.11187492370605
8.13593742370606
8.03999992370606
7.91999992370605
7.87999992370605
7.79999992370605
7.66374992370605
7.59999992370605
7.45593742370605
7.35999992370605
7.29593742370605
7.20781242370605
7.10374992370605
6.99999992370605
6.90374992370606
6.77593742370606
6.67999992370605
6.61593742370605
6.43999992370606
6.37593742370605
6.25593742370605
6.15999992370605
6.04781242370605
5.97593742370606
5.89593742370606
5.78374992370605
5.66374992370605
5.59187492370605
5.55187492370605
5.48781242370606
5.46374992370605
5.35999992370605
5.27999992370605
5.27999992370605
5.23187492370606
5.15999992370605
5.16781242370605
5.16781242370605
5.16781242370605
5.14374992370605
5.15187492370606
5.17593742370605
5.15999992370605
5.19187492370605
5.27999992370605
5.28781242370605
5.27187492370605
5.37593742370605
5.42374992370605
5.44781242370605
5.57593742370605
5.63999992370606
5.67999992370605
5.78374992370605
5.83187492370605
5.95187492370605
6.03999992370605
6.19999992370605
6.25593742370605
6.36781242370605
6.46374992370605
6.55999992370606
6.64781242370605
6.78374992370606
6.83999992370605
6.97593742370605
7.02374992370605
7.13593742370605
7.25593742370605
7.32781242370605
7.46374992370605
7.52781242370606
7.63999992370606
7.69593742370605
7.79187492370605
7.87187492370605
7.95187492370605
8.03999992370606
8.12781242370605
8.16781242370605
8.25593742370605
8.31999992370605
8.32781242370605
8.34374992370605
8.40781242370606
8.41593742370605
8.45593742370605
8.41593742370605
8.44781242370605
8.43999992370605
8.43187492370605
8.41593742370605
8.38374992370606
8.39187492370606
8.31999992370605
8.25593742370605
8.27999992370605
8.25593742370605
8.16781242370605
8.09593742370605
8.00781242370605
7.95999992370605
7.87187492370605
7.77593742370606
7.71187492370605
7.58374992370605
7.52781242370606
7.40781242370606
7.27999992370605
7.16781242370605
7.14374992370605
6.99999992370605
6.87999992370605
6.80781242370605
6.67999992370605
6.56781242370606
6.45593742370605
6.39999992370606
6.32781242370605
6.16781242370605
6.03187492370605
5.95999992370605
5.86374992370605
5.78374992370605
5.72781242370605
5.62374992370605
5.55999992370606
5.46374992370605
5.41593742370605
5.37593742370605
5.34374992370605
5.26374992370605
5.22374992370605
5.20781242370605
5.18374992370605
5.16781242370605
5.16781242370605
5.08781242370605
5.12781242370605
5.13593742370605
5.17593742370605
5.19187492370605
5.23187492370606
5.22374992370605
5.31999992370605
5.34374992370605
5.39999992370606
5.49593742370605
5.56781242370606
5.63187492370605
5.63999992370606
5.78374992370605
5.82374992370606
5.94374992370605
5.98374992370606
6.11187492370606
6.22374992370605
6.31999992370605
6.43999992370606
6.55187492370605
6.71187492370605
6.78374992370606
6.82374992370606
6.99187492370605
7.08781242370605
7.13593742370605
7.19187492370606
7.31999992370605
7.47999992370606
7.56781242370606
7.59999992370605
7.71187492370605
7.78374992370606
7.83187492370605
7.95999992370605
8.00781242370605
8.08781242370605
8.11187492370605
8.20781242370606
8.25593742370605
8.31187492370606
8.27999992370605
8.37593742370606
8.39999992370606
8.41593742370605
8.41593742370605
8.46374992370605
8.47187492370606
8.43187492370605
8.39999992370606
8.41593742370605
8.43187492370605
8.34374992370605
8.31999992370605
8.31999992370605
8.23999992370605
8.16781242370605
8.07187492370606
8.09593742370605
7.99187492370605
7.88781242370605
7.75999992370605
7.67187492370605
7.63999992370606
7.51999992370606
7.39999992370606
7.30374992370605
7.18374992370605
7.11999992370605
6.97593742370605
6.91999992370605
6.83187492370605
6.71999992370605
6.63187492370605
6.47187492370605
6.32781242370605
6.26374992370605
6.19187492370605
6.11999992370605
5.99187492370605
5.92781242370605
5.78374992370605
5.68781242370605
5.59999992370605
5.55999992370606
5.50374992370605
5.43187492370605
5.35187492370605
5.28781242370605
5.25593742370605
5.20781242370605
5.21593742370605
5.15999992370605
5.15187492370606
5.16781242370605
5.15187492370606
5.11999992370605
5.19187492370605
5.07999992370605
5.16781242370605
5.27999992370605
5.26374992370605
5.32781242370605
5.35187492370605
5.43999992370605
5.47187492370605
5.55187492370605
5.59999992370605
5.71187492370605
5.75187492370605
5.83999992370605
5.96781242370605
6.03187492370605
6.07999992370605
6.21593742370605
6.35187492370605
6.42374992370605
6.50374992370605
6.64781242370605
6.75187492370605
6.86374992370606
6.93593742370605
6.99999992370605
7.15187492370606
7.26374992370605
7.35187492370605
