1.0679999268055
1.09434367523529
1.14234367237426
1.1783436702285
1.21912491779774
1.25034366593696
1.31034366236068
1.36078115935437
1.40399990677834
1.45912490349263
1.52399989962578
1.57912489634007
1.65834364161827
1.723124887757
1.78078113432042
1.85512487988919
1.92234362588264
1.99678112144582
2.06156236758456
2.13834361300804
2.22234360800125
2.28478110427968
2.35678109998815
2.4527810942661
2.51999984025955
2.58478108639829
2.63278108353727
2.71434357867576
2.78399982452393
2.86799981951714
2.92078106637113
2.96634356365539
3.03112480979413
3.06712480764836
3.11999980449677
3.15356230249628
3.21112479906529
3.24478104705922
3.28078104491346
3.30956229319796
3.31434354291298
3.34556229105219
3.34556229105219
3.38399978876114
3.36956228962168
3.38156228890643
3.36956228962168
3.36956228962168
3.34799979090691
3.33356229176745
3.2927810441982
3.28556229462847
3.24712479691952
3.22078104848973
3.17512480121106
3.11756230464205
3.06234355793335
3.00712481122464
2.96878106351011
2.88956231823191
2.8319998216629
2.76956232538447
2.69278107996099
2.61834358439781
2.54399983882904
2.46956234326586
2.40234359727241
2.30878110284917
2.21756235828623
2.15756236186251
2.07599986672401
2.01356237044558
1.91999987602234
1.85512487988919
1.79756238332018
1.71112488847226
1.65599989175797
1.57678114647977
1.50956240048632
1.43999990463257
1.39199990749359
1.34399991035461
1.28634366379119
1.24078116650693
1.19034366951324
1.15434367165901
1.0991249249503
1.09434367523529
1.07999992609024
1.05599992752075
1.03434367881157
1.02712492924184
1.01512492995709
1.00312493067235
1.02478117938153
1.01034368024208
1.04156242838129
1.0703436766658
1.07756242623553
1.11112492423505
1.14478117222898
1.17356242051348
1.20956241836771
1.25278116579168
1.30556241264567
1.35112490992993
1.40634365663864
1.46399990320206
1.51678115005605
1.59834364519455
1.65112489204854
1.71356238832697
1.78799988389015
1.84556238045916
1.91512487631291
1.99912487130612
2.05434361801483
2.13356236329302
2.2079998588562
2.29199985384941
2.34956235041842
2.42878109569661
2.52234359011985
2.56799983739853
2.65199983239174
2.71434357867576
2.78878107423894
2.84634357080795
2.90634356723167
2.95678106422536
3.03112480979413
3.06478105778806
3.11278105492704
3.16556230178103
3.20878104920499
3.24234354720451
3.28799979448319
3.30956229319796
3.33599979162216
3.34078104133718
3.36234354005195
3.38399978876114
3.3743435393367
3.37199978947639
3.38156228890643
3.34556229105219
3.35278104062192
3.34078104133718
3.31199979305267
3.29034354434349
3.26156229605898
3.21112479906529
3.17999980092049
3.13912480335683
3.07912480693311
3.01678106064908
2.96156231394038
2.90156231751665
2.8319998216629
2.7767810749542
2.68312483053654
2.62799983382225
2.55599983811378
2.48156234255061
2.39034359798767
2.3183436022792
2.24634360657074
2.15999986171722
2.08799986600876
2.01834362016059
1.93434362516738
1.85512487988919
1.77834363446571
1.7207811378967
1.65356239190325
1.57912489634007
1.50712490063161
1.4495624040626
1.39199990749359
1.33434366093017
1.28878116364591
1.24556241622195
1.207124918513
1.15434367165901
1.1255624233745
1.08712492566556
1.0703436766658
1.06078117723577
1.02478117938153
1.03434367881157
1.02478117938153
1.00556243052706
1.01278118009679
1.03434367881157
1.03678117866628
1.06312492709607
1.08234367595054
1.10634367452003
1.13278117294423
1.18556241979823
1.20234366879798
1.25512491565198
1.30078116293065
1.36312490921468
1.41356240620837
1.46156240334734
1.51912489991635
1.59356239547953
1.66312489133328
1.7207811378967
1.78312488418072
1.84556238045916
1.9103436265979
1.97756237259135
2.05434361801483
2.14312486272305
2.2103436087165
2.28234360442497
2.35678109998815
2.42156234612688
2.49356234183535
2.57034358725883
2.63999983310699
2.70956232896075
2.77434357509948
2.83912482123822
2.90399981737137
2.95912481408566
3.01434356079437
3.06234355793335
3.10799980521202
3.16078105206601
3.19912479978055
3.23512479763478
3.266343545774
3.29756229391322
3.32634354219772
3.35034354076721
3.35512479048222
3.36234354005195
3.36956228962168
3.38156228890643
3.36478103990667
3.36478103990667
3.35756229033694
3.32399979233742
3.32399979233742
3.2927810441982
3.25678104634397
3.22078104848973
3.17512480121106
3.1295623039268
3.05756230821833
3.0215623103641
2.96156231394038
2.89912481766194
2.8343435715232
2.76712482552975
2.68556233039126
2.60878108496778
2.55834358797409
2.46478109355085
2.40956234684214
2.32312485199422
2.24878110642545
2.16478111143224
2.08799986600876
2.01834362016059
1.92234362588264
1.86712487917393
1.79278113360517
1.71599988818169
1.64878114218824
1.5839998960495
1.51678115005605
1.45912490349263
1.39912490706891
1.35112490992993
1.28399991393089
1.25278116579168
1.207124918513
1.15678117151372
1.12078117365949
1.08478117580526
1.0679999268055
1.06312492709607
1.03199992895126
1.02234367952682
1.02712492924184
1.02478117938153
1.02712492924184
1.03434367881157
1.04634367809631
1.05599992752075
1.07278117652051
1.0991249249503
1.13278117294423
1.15678117151372
1.20234366879798
1.25034366593696
1.30799991250038
1.33678116078489
1.39912490706891
1.45912490349263
1.51434365020134
1.57678114647977
1.62234364376403
1.71834363804199
1.78799988389015
1.85034363017417
1.91278112645261
1.98956237187609
2.05912486772984
2.14312486272305
2.2079998588562
2.28234360442497
2.36399984955788
2.43112484555691
2.49599984169006
2.5607810878288
2.64712483268231
2.71199982881546
2.7767810749542
2.8343435715232
2.91599981665611
2.96156231394038
3.01434356079437
3.0503435586486
3.11512480478734
3.16312480192632
3.21356229892001
3.23034354791977
3.27599979519844
3.30234354362823
3.33834354148246
3.34556229105219
3.34799979090691
3.3743435393367
3.38878103847615
3.38156228890643
3.37199978947639
3.36234354005195
3.36478103990667
3.34078104133718
3.30956229319796
3.28312479477376
3.25912479620427
3.21112479906529
3.17278105135076
3.12712480407208
3.06712480764836
3.03834355936386
2.97112481337041
2.89199981808662
2.84156232109293
2.77199982523918
2.68799983024597
2.63034358368255
2.55834358797409
2.47912484269589
2.40478109712712
2.32078110213391
2.24634360657074
2.15756236186251
2.08799986600876
2.01599987030029
1.93434362516738
1.86956237902865
1.79278113360517
1.71834363804199
1.65834364161827
1.59834364519455
1.51678115005605
1.45912490349263
1.40156240692362
1.34878116006963
1.29112491350621
1.25278116579168
1.207124918513
1.15912492137402
1.12312492351979
1.10156242480502
1.0679999268055
1.04634367809631
1.02956242909655
1.03678117866628
1.01999992966652
1.02712492924184
1.01512492995709
1.03199992895126
1.03434367881157
1.04878117795102
1.06078117723577
1.10878117437474
1.13278117294423
1.17599992036819
1.21678116793744
1.23834366665222
1.29112491350621
1.34634366021492
1.39434365735389
1.4495624040626
1.51199990034103
1.58878114576451
1.64399989247322
1.71112488847226
1.77112488489598
1.84078113074414
1.92478112573735
1.97756237259135
2.04956236829981
2.13112486343831
2.20556235900149
2.28712485413998
2.35912484984845
2.4239998459816
2.50312484126538
2.58234358654357
2.63756233325228
2.70234357939102
2.76956232538447
2.82234357223846
2.89678106780164
2.95912481408566
2.99034356222488
3.05999980807304
3.11034355507232
3.16312480192632
3.20634354935028
3.23278104777448
3.27112479548901
3.2951247940585
3.30956229319796
3.33834354148246
3.35278104062192
3.36234354005195
3.36234354005195
3.38156228890643
3.37678103919141
3.36234354005195
3.35512479048222
3.33112479191273
3.30712479334325
3.2951247940585
3.25199979662895
3.21599979877472
3.17756230106577
3.13434355364181
3.07199980735779
3.01678106064908
2.95199981451035
2.91599981665611
2.84878107066266
2.76478107566945
2.69278107996099
2.63278108353727
2.54878108854406
2.49356234183535
2.3975623475574
2.33278110141866
2.23434360728599
2.17678111071698
2.08556236615404
2.02556236973032
1.94156237473711
1.8575623797439
1.79756238332018
1.73034363732673
1.64878114218824
1.59356239547953
1.50712490063161
1.45199990391731
1.39678115720861
1.34399991035461
1.29356241336092
1.24312491636723
1.21678116793744
1.15912492137402
1.13278117294423
1.09434367523529
1.07512492638081
1.05112492781132
1.04634367809631
1.03678117866628
1.01756242981181
1.01756242981181
1.03199992895126
1.02712492924184
1.04156242838129
1.0679999268055
1.07999992609024
1.09434367523529
1.12799992322922
1.15912492137402
1.21199991822243
1.25278116579168
1.29599991321564
1.3415624104999
1.39912490706891
1.46156240334734
1.51434365020134
1.57199989676476
1.64634364233352
1.70634363875724
1.77356238475069
1.83834363088943
1.91278112645261
1.97278112287633
2.05199986815453
2.12156236400828
2.19112485986203
2.28234360442497
2.36634359941818
2.4263435958419
2.49356234183535
2.56799983739853
2.63034358368255
2.697562329676
2.76956232538447
2.8319998216629
2.90878106708638
2.96878106351011
3.01678106064908
3.07199980735779
3.10799980521202
3.15112480264157
3.19199980020523
3.23512479763478
3.26156229605898
3.30478104348294
3.30478104348294
3.32878104205243
3.35512479048222
3.36956228962168
3.36712478976697
3.36956228962168
3.38156228890643
3.36478103990667
3.35999979019165
3.33599979162216
3.30712479334325
3.28078104491346
3.25912479620427
3.20878104920499
3.17034355149604
3.14634355292656
3.07434355721809
3.0215623103641
2.97112481337041
2.89678106780164
2.84156232109293
2.77434357509948
2.69999982953072
2.63278108353727
2.55356233825907
2.48156234255061
2.40956234684214
2.32799985170364
2.25834360585548
2.17678111071698
2.08556236615404
2.02078112001531
1.9367811250221
1.86478112931363
1.79034363375045
1.72799988746643
1.65834364161827
1.59356239547953
1.52156239977106
1.46399990320206
1.40634365663864
1.35356240978464
1.29356241336092
1.25034366593696
1.19999991893768
1.15434367165901
1.12799992322922
1.0991249249503
1.06556242695078
1.05834367738105
1.05356242766604
1.03434367881157
1.01999992966652
1.01278118009679
1.01034368024208
1.02712492924184
1.04156242838129
1.05356242766604
1.05834367738105
1.10156242480502
1.12799992322922
1.16878117079847
1.20956241836771
1.24556241622195
1.30556241264567
1.34634366021492
1.39199990749359
1.4495624040626
1.51678115005605
1.56712489705533
1.62234364376403
1.70399988889694
1.75199988603592
1.83356238117442
1.91756237616763
1.97512487273663
2.04956236829981
2.12399986386299
2.19599985957146
2.26078110571019
2.34956235041842
2.4263435958419
2.50312484126538
2.56556233754382
2.63278108353727
2.70478107924573
2.77199982523918
2.82956232180819
2.89678106780164
2.95678106422536
3.00956231107935
3.05999980807304
3.10556230535731
3.16312480192632
3.19434355006553
3.22556229820475
3.27112479548901
3.30234354362823
3.32634354219772
3.33834354148246
3.36234354005195
3.36712478976697
3.37678103919141
3.3743435393367
3.35999979019165
3.36234354005195
3.35756229033694
3.33112479191273
3.32399979233742
3.30234354362823
3.25912479620427
3.21599979877472
3.17512480121106
3.14878105278127
3.08634355650283
3.03834355936386
2.96878106351011
2.8847810685169
2.85834357009269
2.78156232466921
2.71199982881546
2.63034358368255
2.57512483697385
2.49112484198064
2.41434359655716
2.33756235113367
2.25599985599518
2.18399986028671
2.1023436151538
2.01834362016059
1.95356237402186
1.85999987959862
1.80478113288991
1.73278113718145
1.66799989104271
1.59112489562482
1.53599989891052
1.47356240263209
1.39678115720861
1.34399991035461
1.30312491279095
1.25034366593696
1.21199991822243
1.17356242051348
1.13278117294423
1.09199992537498
1.08478117580526
1.05599992752075
1.03434367881157
1.02478117938153
1.01512492995709
1.03199992895126
1.01999992966652
1.03199992895126
1.04878117795102
1.05112492781132
1.07512492638081
1.0991249249503
1.13278117294423
1.16156242122874
1.19999991893768
1.24556241622195
1.28878116364591
1.33434366093017
1.38956240763888
1.44478115434758
1.51434365020134
1.58156239619479
1.64156239261851
1.70399988889694
1.76634363518097
1.8311248813197
1.90312487702817
1.9655623733066
2.03278111930005
2.09512486558408
2.19599985957146
2.25834360585548
2.34956235041842
2.41199984669685
2.49834359155037
2.5607810878288
2.62799983382225
2.697562329676
2.76478107566945
2.8343435715232
2.89678106780164
2.94712481480092
3.00956231107935
3.06234355793335
3.10556230535731
3.15356230249628
3.19912479978055
3.22078104848973
3.25912479620427
3.30478104348294
3.31912479262799
3.34556229105219
3.34312479119748
3.36956228962168
3.36956228962168
3.36956228962168
3.38399978876114
3.36478103990667
3.34556229105219
3.34078104133718
3.31678104276769
3.2927810441982
3.26878104562871
3.23034354791977
3.1871248004958
3.13912480335683
3.08399980664253
3.04312480907887
2.97834356294014
2.90634356723167
2.84399982094765
2.78156232466921
2.72156232824549
2.63512483339757
2.57512483697385
2.48399984240532
2.42156234612688
2.33756235113367
2.25356235614046
2.19356235971674
2.10478111500852
2.02799986958504
1.95599987387657
1.88399987816811
1.7999998831749
1.73756238689646
1.665562391188
1.59599989533424
1.5311248992011
1.4759999024868
1.41356240620837
1.35112490992993
1.30312491279095
1.25756241550669
1.2047811686527
1.16878117079847
1.13999992251396
1.09678117509
1.07756242623553
1.05834367738105
1.04156242838129
1.01512492995709
1.02712492924184
1.01512492995709
1.01278118009679
1.03434367881157
1.03199992895126
1.06312492709607
1.07278117652051
1.09678117509
1.13512492280453
1.16399992108345
1.19034366951324
1.24312491636723
1.29112491350621
1.34399991035461
1.40634365663864
1.45199990391731
1.50234365091659
1.57912489634007
1.64634364233352
1.69678113932721
1.77834363446571
1.83356238117442
1.90556237688288
1.98712487202138
2.0471248684451
2.13112486343831
2.19834360943176
2.27756235470995
2.35199985027313
2.40956234684214
2.48878109212033
2.5607810878288
2.62799983382225
2.69278107996099
2.75756232609972
2.82956232180819
2.88956231823191
2.9399998152256
3.01434356079437
3.05756230821833
3.10312480550259
3.155999802351
3.18956230035052
3.23512479763478
3.25678104634397
3.30234354362823
3.31434354291298
3.34556229105219
3.35512479048222
3.36234354005195
3.3743435393367
3.37199978947639
3.37199978947639
3.36712478976697
3.35999979019165
3.35512479048222
3.31912479262799
3.2951247940585
3.27356229534373
3.23278104777448
3.17512480121106
3.13199980378151
3.08399980664253
3.03834355936386
2.98799981236458
2.92078106637113
2.85112482052296
2.7767810749542
2.70712482910603
2.62078108425252
2.5631248376891
2.47912484269589
2.40956234684214
2.34234360084869
2.26078110571019
2.20078110928647
2.11678111429326
2.02556236973032
1.9655623733066
1.86478112931363
1.7999998831749
1.74234363661148
1.665562391188
1.59834364519455
1.53599989891052
1.46156240334734
1.41356240620837
1.35834365949966
1.29112491350621
1.25756241550669
1.22156241765246
1.16634367094375
1.12078117365949
1.09199992537498
1.07278117652051
1.06556242695078
1.05356242766604
1.02478117938153
1.03199992895126
1.00799993038177
1.02712492924184
1.03199992895126
1.04634367809631
1.04878117795102
1.06312492709607
1.08956242552027
1.13278117294423
1.15678117151372
1.19756241908297
1.24556241622195
1.29599991321564
1.32712491136044
1.38712490778416
1.45678115363233
1.48799990177155
1.55999989748001
1.62956239333376
1.70399988889694
1.76399988532066
1.82399988174438
1.88156237831339
1.97756237259135
2.03756236901507
2.12399986386299
2.19356235971674
2.27034360514022
2.34234360084869
2.40712484698743
2.48399984240532
2.56556233754382
2.61356233468279
2.69278107996099
2.7791248248145
2.82478107209317
2.87756231894717
2.9399998152256
2.99756231179461
3.05512480836362
3.10312480550259
3.1583435522113
3.19912479978055
3.23756229748949
3.25199979662895
3.29034354434349
3.32634354219772
3.35034354076721
3.34799979090691
3.37199978947639
3.36956228962168
3.38399978876114
3.36712478976697
3.35999979019165
3.35756229033694
3.34312479119748
3.31678104276769
3.28799979448319
3.27834354505874
3.22799979805946
3.19678104992025
3.13199980378151
3.08878105635755
3.03356230964884
2.97834356294014
2.93034356580116
2.85112482052296
2.7767810749542
2.70956232896075
2.64478108282201
2.56799983739853
2.51278109068982
2.42156234612688
2.33756235113367
2.26078110571019
2.18634361014701
2.09756236543879
2.0447811185848
1.95356237402186
1.87199987888336
1.82399988174438
1.74234363661148
1.65599989175797
1.60799989461899
1.5311248992011
1.47112490277737
1.42556240549311
1.34878116006963
1.29599991321564
1.25034366593696
1.19756241908297
1.16156242122874
1.13512492280453
1.09434367523529
1.07756242623553
1.04878117795102
1.04634367809631
1.03434367881157
1.00078118081205
1.01278118009679
1.01756242981181
1.03434367881157
1.04634367809631
1.05356242766604
1.08234367595054
1.08956242552027
1.13034367308952
1.15678117151372
1.19756241908297
1.23599991679192
1.28634366379119
1.32234366164543
1.39199990749359
1.4495624040626
1.50956240048632
1.56478114719503
1.62234364376403
1.69678113932721
1.76156238546595
1.83356238117442
1.89599987745285
1.95834362373687
2.03999986886978
2.10956236472353
