0.62634370313026
0.662343700984493
0.698343698838725
0.755999945402145
0.803999942541122
0.86156243911013
0.943124934248626
1.01512492995709
1.07512492638081
1.13999992251396
1.22156241765246
1.30078116293065
1.37999990820885
1.48312490206212
1.57912489634007
1.66312489133328
1.77599988460541
1.87678112859838
1.97756237259135
2.0735623668693
2.181562360432
2.27034360514022
2.37834359870292
2.46478109355085
2.5631248376891
2.67356233110651
2.78156232466921
2.86556231966242
2.96156231394038
3.0503435586486
3.14156230321154
3.20634354935028
3.28799979448319
3.35512479048222
3.43199978590012
3.48478103275411
3.53278102989309
3.58799977660179
3.63356227388605
3.66712477188557
3.69599977016449
3.73912476759404
3.74634351716377
3.78478101487272
3.782343515018
3.80156226387247
3.79678101415746
3.82078101272695
3.82078101272695
3.80399976372719
3.83034351215698
3.79199976444244
3.77512476544827
3.73199976801872
3.68156227102503
3.6191247747466
3.54712477903813
3.46799978375435
3.38156228890643
3.29034354434349
3.19199980020523
3.09356230607256
2.9951248119399
2.8847810685169
2.78878107423894
2.6687810813915
2.55356233825907
2.43356234541163
2.35199985027313
2.22956235757098
2.09756236543879
1.99434362159111
1.89834362731315
1.78312488418072
1.69912488918751
1.58156239619479
1.48078115220182
1.38234365806915
1.29599991321564
1.18556241979823
1.11599992394447
1.02956242909655
0.950343683818355
0.883124937824905
0.825562441255897
0.770343694547191
0.712781197978184
0.664781200839206
0.631124952845275
0.59999995470047
0.551999957561493
0.549562457706779
0.539999958276749
0.535124958567321
0.539999958276749
0.549562457706779
0.568781206561252
0.604781204415485
0.631124952845275
0.669562450554222
0.698343698838725
0.755999945402145
0.799124942831695
0.868781188679859
0.923999935388565
1.00312493067235
1.07512492638081
1.13999992251396
1.22634366736747
1.30312491279095
1.40156240692362
1.4759999024868
1.56712489705533
1.65834364161827
1.77834363446571
1.87199987888336
1.94156237473711
2.06878111715429
2.15999986171722
2.28234360442497
2.38556234827265
2.46712484341115
2.57512483697385
2.67599983096123
2.75999982595444
2.87278106923215
2.95199981451035
3.02399981021881
3.13434355364181
3.20399979948998
3.28078104491346
3.36712478976697
3.41034353719093
3.49434353218414
3.53512477975339
3.58312477689236
3.62634352431633
3.66712477188557
3.71512476902455
3.73434351787902
3.76078101630323
3.76556226601824
3.79434351430275
3.81112476330251
3.81834351287223
3.81834351287223
3.81356226315722
3.82078101272695
3.79912476401776
3.782343515018
3.77034351573326
3.73912476759404
3.68634352074005
3.61434352503158
3.53999977946281
3.46078103418462
3.37912478905171
3.28799979448319
3.1847810506355
3.09599980592728
2.99278106207959
2.89199981808662
2.79112482409924
2.6687810813915
2.55112483840436
2.44556234469637
2.3471248505637
2.2367811071407
2.10712486486882
1.99912487130612
1.87912487845868
1.79512488346547
1.68956238975748
1.57678114647977
1.48078115220182
1.37999990820885
1.29599991321564
1.19756241908297
1.10156242480502
1.03912492852658
0.964781182957813
0.873562438394874
0.818343691686168
0.772781194401905
0.698343698838725
0.659999951124191
0.62634370313026
0.602343704560772
0.571124956421554
0.547124957852065
0.535124958567321
0.527999958992004
0.551999957561493
0.544781207991764
0.568781206561252
0.595124954991042
0.6095624541305
0.667124950699508
0.700781198693439
0.758343695262447
0.806343692401424
0.866343688825145
0.92878118510358
0.995999931097031
1.0679999268055
1.14478117222898
1.207124918513
1.30312491279095
1.40399990677834
1.4759999024868
1.55999989748001
1.64878114218824
1.77356238475069
1.85512487988919
1.94878112430684
2.06399986743927
2.17434361086227
2.26078110571019
2.36878109927289
2.46956234326586
2.54878108854406
2.66634358153678
2.75756232609972
2.85599982023239
2.95434356437065
3.03599980950356
3.14399980306625
3.21112479906529
3.28799979448319
3.35278104062192
3.42712478619069
3.47034353361465
3.53034353003837
3.58799977660179
3.61199977517128
3.671999771595
3.71034351930954
3.71999976873398
3.73678101773374
3.7799997651577
3.79199976444244
3.80399976372719
3.8087810134422
3.80399976372719
3.81599976301193
3.81834351287223
3.8087810134422
3.78478101487272
3.77512476544827
3.73199976801872
3.67678102131002
3.62878102417104
3.54712477903813
3.46556228389964
3.39112478833646
3.28799979448319
3.20399979948998
3.10078105564229
2.99278106207959
2.89912481766194
2.79599982380867
2.68556233039126
2.55834358797409
2.44799984455109
2.3471248505637
2.23434360728599
2.11912486415356
2.02078112001531
1.90312487702817
1.79034363375045
1.68956238975748
1.58156239619479
1.4783436523471
1.38478115792386
1.30312491279095
1.19999991893768
1.10399992465973
1.04156242838129
0.959999933242798
0.892781187249348
0.827999941110611
0.765562444832176
0.715124947838485
0.688781199408695
0.64312495213002
0.587999955415726
0.571124956421554
0.561562456991523
0.549562457706779
0.54234370813705
0.53278120870702
0.561562456991523
0.561562456991523
0.59999995470047
0.62634370313026
0.659999951124191
0.700781198693439
0.751124945692718
0.811124942116439
0.856781189395115
0.931124934963882
0.998343680957332
1.06312492709607
1.13756242265925
1.23112491708249
1.29356241336092
1.39434365735389
1.48078115220182
1.55999989748001
1.63912489276379
1.77356238475069
1.85034363017417
1.95112487416714
2.05912486772984
2.1551248620078
2.25356235614046
2.36399984955788
2.47678109283559
2.57034358725883
2.64478108282201
2.75756232609972
2.86312481980771
2.9399998152256
3.03356230964884
3.10078105564229
3.21112479906529
3.27599979519844
3.33834354148246
3.41756228676066
3.47512478332967
3.54234352932312
3.57356227746233
3.62399977445602
3.6743435214553
3.68634352074005
3.72956226816401
3.74634351716377
3.782343515018
3.78478101487272
3.79434351430275
3.8087810134422
3.81599976301193
3.81356226315722
3.82312476258725
3.79678101415746
3.79678101415746
3.76312476616353
3.74399976730347
3.68878102059476
3.62878102417104
3.55434352860786
3.47034353361465
3.38156228890643
3.29999979376793
3.21112479906529
3.10312480550259
3.00712481122464
2.90634356723167
2.7791248248145
2.68078108067624
2.57999983668327
2.4551248441264
2.32799985170364
2.23199985742569
2.13112486343831
2.01599987030029
1.90556237688288
1.80712488275021
1.68712488990277
1.59599989533424
1.49756240120158
1.39912490706891
1.29599991321564
1.19512491922826
1.13512492280453
1.04156242838129
0.976781182242557
0.897562436964363
0.818343691686168
0.760781195117161
0.715124947838485
0.669562450554222
0.64312495213002
0.592781205130741
0.571124956421554
0.556781207276508
0.539999958276749
0.539999958276749
0.535124958567321
0.547124957852065
0.583124955706298
0.583124955706298
0.633562452699989
0.657562451269478
0.700781198693439
0.755999945402145
0.806343692401424
0.871124938540161
0.926343685248867
0.995999931097031
1.04399992823601
1.13756242265925
1.21199991822243
1.30312491279095
1.37756240835413
1.46878115291707
1.56234364734031
1.65356239190325
1.75199988603592
1.85999987959862
1.94399987459183
2.05199986815453
2.14312486272305
2.25356235614046
2.37356234898791
2.46478109355085
2.55112483840436
2.66156233182177
2.75512482624501
2.84634357080795
2.9399998152256
3.03112480979413
3.13199980378151
3.21356229892001
3.28312479477376
3.34799979090691
3.41512478690594
3.46312478404492
3.53034353003837
3.58312477689236
3.63356227388605
3.66234352217056
3.70312476973981
3.71999976873398
3.74399976730347
3.76078101630323
3.7799997651577
3.79912476401776
3.81112476330251
3.81112476330251
3.82556226244196
3.80634351358749
3.80156226387247
3.7799997651577
3.77034351573326
3.72478101844899
3.69834352002479
3.65034352288581
3.5663435278926
3.48712478261441
3.39356228819117
3.29999979376793
3.21356229892001
3.11999980449677
2.99999981164932
2.89434356794693
2.80078107352369
2.68799983024597
2.57034358725883
2.47199984312058
2.36634359941818
2.24399985671043
2.12634361372329
2.02078112001531
1.91999987602234
1.78799988389015
1.6943436394725
1.58878114576451
1.46878115291707
1.39434365735389
1.29112491350621
1.21434366808273
1.13034367308952
1.04156242838129
0.974343682387844
0.904781186534092
0.835124940685928
0.779999943971634
0.724781197262928
0.676781200123951
0.623999953269959
0.595124954991042
0.556781207276508
0.571124956421554
0.544781207991764
0.537562458422035
0.547124957852065
0.551999957561493
0.566343706706539
0.585562455561012
0.631124952845275
0.647999951839447
0.698343698838725
0.746343695977703
0.791999943256378
0.868781188679859
0.923999935388565
1.00078118081205
1.06312492709607
1.13756242265925
1.2047811686527
1.27912491422147
1.38234365806915
1.46156240334734
1.56234364734031
1.64156239261851
1.74478113646619
1.83599988102913
1.94878112430684
2.0447811185848
2.15034361229278
2.25599985599518
2.36156234970316
2.44556234469637
2.55356233825907
2.63278108353727
2.75278107638471
2.83912482123822
2.93278106565587
3.02399981021881
3.09834355578758
3.19434355006553
3.27834354505874
3.34556229105219
3.40556228747591
3.46312478404492
3.52078103060834
3.5663435278926
3.63112477403134
3.65999977231026
3.69599977016449
3.70799976944923
3.74156226744875
3.77278101558797
3.77756226530299
3.79199976444244
3.80399976372719
3.82799976229668
3.81834351287223
3.81112476330251
3.80399976372719
3.80156226387247
3.76312476616353
3.73912476759404
3.71034351930954
3.63356227388605
3.58556227674708
3.47034353361465
3.38634353862144
3.29999979376793
3.20634354935028
3.10312480550259
3.01434356079437
2.90156231751665
2.80312482338399
2.69512482982129
2.58234358654357
2.45999984383583
2.35912484984845
2.26078110571019
2.13356236329302
2.00156237116084
1.91999987602234
1.8023436330352
1.70634363875724
1.60312489490956
1.49756240120158
1.39199990749359
1.30078116293065
1.20234366879798
1.13512492280453
1.04156242838129
0.976781182242557
0.890343687394634
0.832781190825626
0.765562444832176
0.729562446977943
0.676781200123951
0.640781202269718
0.607124954275787
0.571124956421554
0.556781207276508
0.535124958567321
0.537562458422035
0.537562458422035
0.55912495713681
0.563999956846237
0.602343704560772
0.602343704560772
0.664781200839206
0.700781198693439
0.739124946407974
0.789562443401664
0.86156243911013
0.919124935679138
0.993562431242317
1.06078117723577
1.13278117294423
1.19034366951324
1.29112491350621
1.37756240835413
1.47356240263209
1.5575623976253
1.64156239261851
1.74956238618121
1.84799988031387
1.9391248748824
2.03999986886978
2.1551248620078
2.25356235614046
2.35678109998815
2.43112484555691
2.53912483911961
2.66156233182177
2.74078107709996
2.84156232109293
2.93034356580116
3.04078105921857
3.1295623039268
3.20878104920499
3.27112479548901
3.35034354076721
3.41278103704564
3.46799978375435
3.53034353003837
3.58312477689236
3.60956227531657
3.65756227245554
3.6743435214553
3.71512476902455
3.73912476759404
3.77512476544827
3.78712476473302
3.79912476401776
3.80156226387247
3.81112476330251
3.83512476187199
3.82078101272695
3.80399976372719
3.81112476330251
3.77756226530299
3.73199976801872
3.69834352002479
3.6455622731708
3.55912477832288
3.48712478261441
3.39599978804588
3.31199979305267
3.21112479906529
3.11278105492704
3.02878105993383
2.90878106708638
2.81512482266873
2.697562329676
2.58712483625859
2.47912484269589
2.36156234970316
2.25356235614046
2.13112486343831
2.03999986886978
1.91999987602234
1.79756238332018
1.70156238904223
1.60556239476427
1.49512490134686
1.41834365592338
1.30556241264567
1.21678116793744
1.12078117365949
1.04634367809631
0.981562431957573
0.909562436249107
0.842343690255657
0.782343693831935
0.717562447693199
0.674343700269237
0.62634370313026
0.602343704560772
0.573562456276268
0.563999956846237
0.527999958992004
0.547124957852065
0.537562458422035
0.549562457706779
0.568781206561252
0.578343705991283
0.619124953560531
0.64312495213002
0.69356244912371
0.739124946407974
0.815999941825867
0.86156243911013
0.914343685964122
0.983999931812286
1.05112492781132
1.12078117365949
1.19512491922826
1.29834366307594
1.37999990820885
1.45678115363233
1.54556239834055
1.64156239261851
1.74478113646619
1.84078113074414
1.94399987459183
2.03278111930005
2.14799986243248
2.24156235685572
2.34234360084869
2.44556234469637
2.55112483840436
2.64478108282201
2.74312482696027
2.84878107066266
2.93512481551617
3.01199981093407
3.11512480478734
3.18956230035052
3.28799979448319
3.34312479119748
3.39834353790619
3.47034353361465
3.51356228103861
3.5663435278926
3.60478102560155
3.6455622731708
3.69834352002479
3.7271247683093
3.74399976730347
3.76556226601824
3.78956226458773
3.78956226458773
3.80156226387247
3.8087810134422
3.81356226315722
3.81834351287223
3.81112476330251
3.79912476401776
3.76556226601824
3.73199976801872
3.68878102059476
3.65756227245554
3.57834352717735
3.48956228246912
3.4007810377609
3.31199979305267
3.23278104777448
3.11999980449677
3.03112480979413
2.91112481694669
2.8055623232387
2.68556233039126
2.5895623361133
2.47912484269589
2.36634359941818
2.25112485628575
2.14556236257777
2.0471248684451
1.9103436265979
1.81912488203496
1.70878113861196
1.59834364519455
1.5047811507713
1.40634365663864
1.29834366307594
1.21678116793744
1.13278117294423
1.04634367809631
0.976781182242557
0.897562436964363
0.839999940395355
0.789562443401664
0.731999946832657
0.669562450554222
0.647999951839447
0.59999995470047
0.571124956421554
0.561562456991523
0.544781207991764
0.544781207991764
0.525562459137291
0.551999957561493
0.551999957561493
0.585562455561012
0.6095624541305
0.659999951124191
0.700781198693439
0.736781196547672
0.799124942831695
0.847124939970672
0.914343685964122
0.986343681672588
1.04399992823601
1.11112492423505
1.19278116936795
1.27912491422147
1.36312490921468
1.46878115291707
1.54078114862554
1.64399989247322
1.73512488704175
1.84556238045916
1.94399987459183
2.03278111930005
2.13112486343831
2.2367811071407
2.33999985098839
2.44556234469637
2.53678108925931
2.64956233253703
2.75034357652999
2.83678107137792
2.92799981594086
3.02878105993383
3.10312480550259
3.19434355006553
3.266343545774
3.35512479048222
3.40556228747591
3.46078103418462
3.51834353075363
3.56878102774732
3.62156227460131
3.66478102202527
3.68399977087975
3.72956226816401
3.73912476759404
3.77034351573326
3.78478101487272
3.80156226387247
3.80634351358749
3.8087810134422
3.82556226244196
3.82556226244196
3.81599976301193
3.80634351358749
3.77512476544827
3.73678101773374
3.68878102059476
3.65034352288581
3.57112477760762
3.49199978232384
3.4007810377609
3.32634354219772
3.21356229892001
3.14156230321154
3.02878105993383
2.92312481623143
2.81034357295372
2.70712482910603
2.59912483554333
2.48399984240532
2.36399984955788
2.25356235614046
2.14312486272305
2.0447811185848
1.92478112573735
1.82156238188967
1.6943436394725
1.61034364447929
1.49278115148656
1.41112490635365
1.3127811622154
1.20956241836771
1.13756242265925
1.05834367738105
0.976781182242557
0.919124935679138
0.84478119011037
0.779999943971634
0.72712494712323
0.686343699553981
0.640781202269718
0.602343704560772
0.563999956846237
0.573562456276268
0.544781207991764
0.535124958567321
0.527999958992004
0.556781207276508
0.578343705991283
0.580781205845997
0.607124954275787
0.662343700984493
0.691124949268997
0.746343695977703
0.789562443401664
0.849562439825386
0.909562436249107
0.974343682387844
1.04634367809631
1.13512492280453
1.19512491922826
1.27434366450645
1.36556240906939
1.45678115363233
1.54312489848584
1.63199989318848
1.73756238689646
1.8311248813197
1.92478112573735
2.03034361944534
2.12156236400828
2.24156235685572
2.33278110141866
2.44312484484166
2.53912483911961
2.64712483268231
2.73599982738495
2.83912482123822
2.91112481694669
3.01199981093407
3.10799980521202
3.19199980020523
3.26878104562871
3.33834354148246
3.39599978804588
3.46312478404492
3.52078103060834
3.57356227746233
3.6167810248863
3.65756227245554
3.69356227030978
3.72478101844899
3.76078101630323
3.76078101630323
3.78478101487272
3.8087810134422
3.79912476401776
3.80399976372719
3.82312476258725
3.81599976301193
3.8087810134422
3.8087810134422
3.77034351573326
3.75112476687878
3.69834352002479
3.64799977302551
3.5663435278926
3.48956228246912
3.4031247876212
3.32634354219772
3.22312479835004
3.12478105421178
3.03112480979413
2.9135623168014
2.82712482195348
2.71434357867576
2.59912483554333
2.49356234183535
2.38312484841794
2.26799985527992
2.1527811121475
2.0447811185848
1.94878112430684
1.82399988174438
1.73034363732673
1.61756239404902
1.5047811507713
1.41112490635365
1.33434366093017
1.21912491779774
1.13512492280453
1.06312492709607
0.979124932102859
0.914343685964122
0.851999939680099
0.765562444832176
0.731999946832657
0.691124949268997
0.628781202984974
0.616781203700229
0.590343705276027
0.554343707421795
0.551999957561493
0.549562457706779
0.547124957852065
0.535124958567321
0.568781206561252
0.590343705276027
0.602343704560772
0.650343701699749
0.69356244912371
0.734343696692958
0.784781193686649
0.849562439825386
0.914343685964122
0.981562431957573
1.03199992895126
1.12078117365949
1.19034366951324
1.27434366450645
1.36312490921468
1.45199990391731
1.53599989891052
1.64399989247322
1.72556238761172
1.82634363160469
1.93434362516738
2.02312486987561
