70.1999961853027
69.3999961853027
68.8390586853027
67.6796836853027
66.5593711853027
65.5187461853027
64.4796836853027
62.8796836853027
61.3999961853027
59.6390586853027
58.3187461853027
56.5999961853027
55.0390586853027
53.1999961853027
51.4796836853027
49.6796836853027
47.8390586853027
45.9187461853027
44.1999961853027
42.3999961853027
40.4796836853027
38.7999961853027
37.1593711853027
35.3999961853027
33.5593711853027
31.9999961853027
30.3999961853027
29.1593711853027
27.7187461853027
26.3999961853027
24.8796836853027
23.9593711853027
23.0390586853027
22.2390586853027
21.3999961853027
20.6390586853027
20.0796836853027
19.3999961853027
18.7187461853027
18.4796836853027
18.0796836853027
17.5593711853027
17.7593711853027
17.1999961853027
17.4796836853027
17.2796836853027
17.3593711853027
17.5999961853027
17.9593711853027
18.2796836853027
19.1999961853027
19.7593711853027
21.1593711853027
22.4390586853027
24.3999961853027
26.4390586853027
28.5187461853027
30.5187461853027
31.8390586853027
33.3999961853027
34.9593711853027
36.7187461853027
38.8390586853027
40.5999961853027
42.2796836853027
44.1187461853027
45.8796836853027
47.6796836853027
49.2796836853027
51.3187461853027
52.9187461853027
54.7187461853027
56.3593711853027
57.6796836853027
59.4390586853027
61.2796836853027
62.5593711853027
63.8390586853027
65.0796836853027
66.2390586853027
67.5187461853027
68.5593711853027
69.3999961853027
70.1999961853027
70.7999961853027
71.5187461853027
72.0796836853027
72.3593711853027
72.6390586853027
72.9999961853027
72.9593711853027
72.9187461853027
72.8390586853027
72.6796836853027
72.3187461853027
71.9999961853027
71.5187461853027
70.7999961853027
69.9593711853027
69.5593711853027
68.8390586853027
67.7593711853027
66.9187461853027
65.4390586853027
64.3593711853027
62.7187461853027
61.3999961853027
59.9187461853027
58.3187461853027
56.7999961853027
54.9999961853027
53.3187461853027
51.4390586853027
49.5999961853027
47.7593711853027
46.1593711853027
44.3593711853027
42.5187461853027
40.5593711853027
38.7187461853027
37.1187461853027
35.4796836853027
33.8390586853027
31.9593711853027
30.4390586853027
29.3187461853027
27.6390586853027
26.1999961853027
25.1593711853027
23.7999961853027
23.0796836853027
22.2390586853027
21.1593711853027
20.6390586853027
19.9999961853027
19.2796836853027
19.0390586853027
18.4390586853027
18.2796836853027
17.5593711853027
17.5999961853027
17.4390586853027
17.3187461853027
17.3187461853027
17.3999961853027
17.8390586853027
17.7593711853027
18.0796836853027
19.0390586853027
20.2390586853027
20.9999961853027
22.3999961853027
24.3999961853027
26.3999961853027
28.4796836853027
30.0796836853027
31.9999961853027
33.6796836853027
35.3999961853027
36.9999961853027
38.6390586853027
40.2796836853027
42.2390586853027
43.9593711853027
45.8796836853027
47.5187461853027
49.1999961853027
50.7999961853027
52.7999961853027
54.6796836853027
56.1999961853027
58.0796836853027
59.5187461853027
60.7187461853027
62.6796836853027
63.7187461853027
65.3593711853027
66.3999961853027
67.4796836853027
68.5999961853027
69.2390586853027
69.8796836853027
70.9187461853027
71.4796836853027
71.8796836853027
72.5593711853027
72.7593711853027
72.8796836853027
72.9187461853027
72.9999961853027
72.9593711853027
72.7187461853027
72.3593711853027
72.0390586853027
71.5187461853027
71.1187461853027
70.2796836853027
69.5593711853027
68.9593711853027
67.6390586853027
67.1187461853027
65.7593711853027
64.4796836853027
63.1999961853027
61.6796836853027
60.3593711853027
58.5593711853027
56.7593711853027
54.9999961853027
53.2796836853027
51.5187461853027
49.7999961853027
48.0390586853027
46.0390586853027
44.3999961853027
42.3999961853027
40.7187461853027
39.0390586853027
37.1593711853027
35.5187461853027
33.6390586853027
32.0390586853027
30.5187461853027
29.2390586853027
27.7187461853027
26.4390586853027
25.3187461853027
23.8390586853027
23.1187461853027
22.1187461853027
21.2390586853027
20.5999961853027
20.1999961853027
19.5999961853027
18.7187461853027
18.5187461853027
18.1999961853027
17.6390586853027
17.6796836853027
17.2796836853027
17.3999961853027
17.3593711853027
17.3593711853027
17.4390586853027
17.9187461853027
18.5187461853027
18.8390586853027
19.9593711853027
20.8796836853027
22.2390586853027
24.1593711853027
26.3999961853027
28.5593711853027
30.1999961853027
31.9593711853027
33.4390586853027
35.1999961853027
36.7593711853027
38.3999961853027
40.5187461853027
41.9999961853027
43.9593711853027
45.6796836853027
47.2796836853027
49.3593711853027
51.1187461853027
52.8796836853027
54.6390586853027
56.1999961853027
58.0390586853027
59.3187461853027
60.9593711853027
62.4390586853027
63.7593711853027
65.1187461853027
66.3187461853027
67.6390586853027
68.3187461853027
69.1593711853027
70.2390586853027
70.7593711853027
71.5999961853027
72.0390586853027
72.1999961853027
72.5593711853027
72.9187461853027
72.7999961853027
72.9999961853027
72.8796836853027
72.6390586853027
72.4796836853027
72.1593711853027
71.5593711853027
70.8796836853027
70.4390586853027
69.3999961853027
68.8796836853027
67.9999961853027
66.9187461853027
65.7593711853027
64.5593711853027
62.9999961853027
61.7593711853027
60.1999961853027
58.6796836853027
56.7593711853027
55.2390586853027
53.4390586853027
51.5999961853027
49.7999961853027
48.2796836853027
46.3187461853027
44.4390586853027
42.9187461853027
40.5187461853027
39.1187461853027
37.1999961853027
35.7187461853027
33.9593711853027
32.2796836853027
30.7187461853027
29.2390586853027
27.9187461853027
26.2390586853027
25.1187461853027
24.1999961853027
23.1187461853027
22.5187461853027
21.3593711853027
20.7187461853027
20.1593711853027
19.3187461853027
18.8796836853027
18.7999961853027
18.1187461853027
17.8796836853027
17.5999961853027
17.7593711853027
17.4390586853027
17.3593711853027
17.5593711853027
17.5999961853027
18.0796836853027
18.3593711853027
19.0796836853027
19.7593711853027
20.9187461853027
22.4390586853027
24.1593711853027
26.1999961853027
28.1593711853027
30.0390586853027
31.9593711853027
33.5593711853027
35.2390586853027
36.6390586853027
38.5187461853027
40.2796836853027
41.9593711853027
43.7999961853027
45.5593711853027
47.4796836853027
49.1999961853027
51.0390586853027
52.7187461853027
54.5593711853027
56.1187461853027
57.6390586853027
59.2796836853027
61.0390586853027
62.3187461853027
63.4796836853027
64.9593711853027
66.1999961853027
67.3593711853027
68.4390586853027
69.1999961853027
69.8390586853027
70.6796836853027
71.7593711853027
71.7593711853027
72.2390586853027
72.7187461853027
72.5999961853027
72.7187461853027
72.8390586853027
72.8796836853027
72.8796836853027
72.2796836853027
71.9187461853027
71.7187461853027
70.9593711853027
70.3187461853027
69.3999961853027
68.7999961853027
68.0390586853027
66.8796836853027
65.8390586853027
64.2796836853027
63.0796836853027
61.9187461853027
60.3593711853027
58.7999961853027
57.0390586853027
55.2796836853027
53.4796836853027
51.7593711853027
49.9187461853027
48.0796836853027
46.3999961853027
44.3593711853027
42.8390586853027
40.9593711853027
38.9999961853027
37.3999961853027
35.5999961853027
33.7593711853027
32.3999961853027
30.6390586853027
29.3999961853027
27.8390586853027
26.5593711853027
25.0390586853027
24.0796836853027
23.0390586853027
22.3999961853027
21.5187461853027
20.7593711853027
20.0390586853027
19.5593711853027
18.7999961853027
18.5187461853027
17.9593711853027
17.9593711853027
17.4796836853027
17.3187461853027
17.3593711853027
17.1999961853027
17.4796836853027
17.6390586853027
17.9187461853027
18.1999961853027
18.9187461853027
19.9187461853027
20.7593711853027
22.2390586853027
24.0390586853027
26.0390586853027
27.9593711853027
30.1593711853027
31.8390586853027
33.5187461853027
35.5187461853027
36.5593711853027
38.1999961853027
40.3187461853027
42.1187461853027
43.8390586853027
45.2796836853027
47.4390586853027
48.9187461853027
50.8796836853027
52.7593711853027
54.4796836853027
56.2390586853027
57.8390586853027
59.1187461853027
60.8796836853027
62.5187461853027
63.5187461853027
64.9593711853027
66.1187461853027
67.3593711853027
68.3999961853027
69.0796836853027
69.7593711853027
70.8390586853027
71.3999961853027
71.8390586853027
72.4390586853027
72.5999961853027
72.9593711853027
72.9187461853027
72.9999961853027
72.7999961853027
72.7187461853027
72.3593711853027
71.9999961853027
71.5593711853027
71.1187461853027
70.5999961853027
69.5187461853027
68.6796836853027
68.0390586853027
66.8796836853027
65.9593711853027
64.5999961853027
63.1593711853027
61.6390586853027
59.9187461853027
58.5187461853027
56.8796836853027
55.4390586853027
53.5187461853027
51.7999961853027
49.8390586853027
47.9999961853027
46.4796836853027
44.3593711853027
42.6390586853027
40.9593711853027
39.1187461853027
37.5187461853027
35.7999961853027
34.0796836853027
32.2796836853027
30.4796836853027
29.4796836853027
27.8390586853027
26.6390586853027
24.9593711853027
24.0390586853027
23.1187461853027
22.1187461853027
21.5187461853027
20.6796836853027
20.0796836853027
19.6390586853027
19.1187461853027
18.7593711853027
18.2390586853027
17.8796836853027
17.7593711853027
17.4796836853027
17.5999961853027
17.3187461853027
17.2390586853027
17.6796836853027
17.9593711853027
18.1999961853027
18.8390586853027
19.6796836853027
20.9593711853027
22.3187461853027
24.1187461853027
25.7999961853027
28.2796836853027
30.0390586853027
31.6796836853027
33.4796836853027
34.9187461853027
36.7593711853027
38.5593711853027
40.2390586853027
41.9187461853027
43.7187461853027
45.5593711853027
47.4796836853027
49.2390586853027
50.8796836853027
52.5187461853027
54.1593711853027
55.9593711853027
57.4796836853027
59.4390586853027
60.7187461853027
62.3187461853027
63.3187461853027
64.9187461853027
66.2390586853027
67.3593711853027
68.3187461853027
69.2390586853027
70.3187461853027
70.9593711853027
71.3187461853027
71.9999961853027
72.1187461853027
72.6390586853027
72.7999961853027
73.0796836853027
72.8796836853027
72.7187461853027
72.7187461853027
72.8390586853027
72.3593711853027
71.7187461853027
70.9999961853027
70.3593711853027
69.5999961853027
69.0390586853027
68.0796836853027
66.7999961853027
65.9187461853027
64.5999961853027
63.4390586853027
61.7187461853027
60.3999961853027
58.7593711853027
56.7593711853027
55.3187461853027
53.7187461853027
51.8390586853027
50.1593711853027
48.2390586853027
46.3999961853027
44.4390586853027
42.5999961853027
41.0796836853027
39.1999961853027
37.4390586853027
35.7187461853027
33.9187461853027
32.6390586853027
30.7593711853027
29.5187461853027
27.9999961853027
26.6796836853027
25.3187461853027
24.2796836853027
23.2796836853027
22.3187461853027
21.5187461853027
20.9593711853027
20.1593711853027
19.7187461853027
19.1593711853027
18.7593711853027
18.0390586853027
17.9999961853027
17.6390586853027
17.4796836853027
17.4390586853027
17.3999961853027
17.5593711853027
17.5187461853027
17.9187461853027
18.3187461853027
18.7593711853027
19.5999961853027
20.7187461853027
22.1187461853027
24.0390586853027
26.0796836853027
27.9999961853027
30.0796836853027
31.7593711853027
33.3593711853027
34.8390586853027
36.3999961853027
38.1187461853027
40.0390586853027
41.9187461853027
43.6390586853027
45.5999961853027
47.0390586853027
49.1999961853027
50.6390586853027
52.3593711853027
54.2390586853027
55.9593711853027
57.4390586853027
59.1593711853027
60.6796836853027
62.1187461853027
63.7187461853027
64.7999961853027
66.0796836853027
67.5187461853027
68.4796836853027
69.1593711853027
69.7187461853027
70.7187461853027
71.3593711853027
71.9187461853027
72.1187461853027
72.8796836853027
72.8796836853027
73.2390586853027
73.1187461853027
72.7999961853027
72.7999961853027
72.3593711853027
72.0796836853027
71.5593711853027
71.2796836853027
70.4796836853027
69.8390586853027
68.8796836853027
68.1999961853027
66.9999961853027
65.8390586853027
64.7593711853027
63.3593711853027
61.9999961853027
60.2390586853027
58.7593711853027
57.1999961853027
55.3593711853027
53.7187461853027
51.9999961853027
50.1999961853027
48.2796836853027
46.4390586853027
44.8796836853027
43.0390586853027
41.1999961853027
39.2796836853027
37.5593711853027
36.1187461853027
34.1593711853027
32.5999961853027
30.9999961853027
29.5187461853027
28.1187461853027
26.6390586853027
25.4390586853027
24.4390586853027
23.3593711853027
21.9999961853027
21.5999961853027
20.7999961853027
20.3593711853027
19.5999961853027
19.1187461853027
18.6390586853027
18.1593711853027
17.9187461853027
17.9593711853027
17.5187461853027
17.5593711853027
17.3593711853027
17.4796836853027
17.5187461853027
17.7593711853027
18.3593711853027
18.8796836853027
19.6796836853027
20.6390586853027
22.1187461853027
23.9593711853027
26.2796836853027
27.9999961853027
29.9593711853027
31.3999961853027
33.2390586853027
34.9187461853027
36.5999961853027
38.1187461853027
40.1187461853027
41.7593711853027
43.6796836853027
45.3187461853027
47.1999961853027
48.7187461853027
50.7999961853027
52.8390586853027
54.1593711853027
55.6796836853027
57.4796836853027
58.9999961853027
60.3999961853027
62.3593711853027
63.6796836853027
64.8390586853027
66.0796836853027
67.2390586853027
68.4390586853027
68.9187461853027
69.8796836853027
70.7999961853027
71.3593711853027
71.7999961853027
72.2390586853027
72.6796836853027
72.8390586853027
72.9999961853027
73.2390586853027
72.7187461853027
72.7999961853027
72.5593711853027
72.0796836853027
71.5187461853027
70.8796836853027
70.7999961853027
69.6390586853027
68.9187461853027
68.1593711853027
67.2390586853027
66.1187461853027
64.5999961853027
63.4796836853027
61.7593711853027
60.3999961853027
58.6390586853027
57.2390586853027
55.4796836853027
53.7187461853027
51.9187461853027
49.9593711853027
48.3187461853027
46.7593711853027
44.4796836853027
42.7187461853027
41.3593711853027
39.2390586853027
37.5999961853027
35.8796836853027
34.0796836853027
32.6390586853027
30.8796836853027
29.5999961853027
27.8390586853027
26.4796836853027
25.5187461853027
24.3593711853027
23.1187461853027
22.1999961853027
21.7187461853027
20.8796836853027
20.2796836853027
19.5593711853027
19.1187461853027
18.5593711853027
18.2796836853027
17.8796836853027
17.6390586853027
17.4796836853027
17.3187461853027
17.1999961853027
17.5187461853027
17.4796836853027
17.8390586853027
18.3187461853027
18.8390586853027
19.7593711853027
20.6796836853027
21.9593711853027
23.8390586853027
25.9187461853027
28.3187461853027
29.8390586853027
31.3999961853027
33.3187461853027
34.8390586853027
36.5593711853027
38.1999961853027
40.1187461853027
41.7999961853027
43.3593711853027
45.3593711853027
46.9593711853027
49.1187461853027
50.9187461853027
52.4796836853027
54.2796836853027
55.8390586853027
57.3999961853027
58.8796836853027
60.6390586853027
61.9593711853027
63.4796836853027
64.8796836853027
66.0390586853027
67.1187461853027
68.2390586853027
68.9593711853027
69.9593711853027
70.6796836853027
71.3187461853027
71.8796836853027
72.2796836853027
72.5593711853027
72.7999961853027
72.9187461853027
72.9187461853027
72.6390586853027
72.6390586853027
72.3593711853027
71.9593711853027
71.6390586853027
71.1187461853027
70.4796836853027
69.5593711853027
68.8796836853027
68.0796836853027
67.1187461853027
66.0390586853027
64.7187461853027
63.4796836853027
62.1187461853027
60.3187461853027
58.8390586853027
57.4796836853027
55.4796836853027
53.6390586853027
52.1593711853027
50.1187461853027
48.5999961853027
46.4390586853027
44.9593711853027
42.9999961853027
41.0796836853027
39.2390586853027
37.5999961853027
35.9593711853027
34.3187461853027
32.5999961853027
30.7999961853027
29.6796836853027
28.0796836853027
26.7999961853027
25.3999961853027
24.3187461853027
23.3999961853027
22.4390586853027
21.4390586853027
20.9187461853027
20.3187461853027
19.5593711853027
19.1593711853027
18.6390586853027
18.2796836853027
18.0390586853027
17.5999961853027
17.4390586853027
17.3999961853027
17.3593711853027
17.4390586853027
17.4796836853027
17.7187461853027
18.1999961853027
18.9187461853027
19.7187461853027
20.7187461853027
22.0390586853027
23.6796836853027
25.5187461853027
27.5593711853027
29.7999961853027
31.3999961853027
33.1187461853027
34.9187461853027
36.3187461853027
37.8390586853027
39.9187461853027
41.5187461853027
43.4796836853027
45.1999961853027
46.9187461853027
48.8796836853027
50.4796836853027
52.3187461853027
54.2796836853027
55.9593711853027
57.6390586853027
58.8796836853027
60.5187461853027
61.9187461853027
63.3593711853027
64.5187461853027
65.9999961853027
67.1593711853027
68.1187461853027
68.9999961853027
69.9187461853027
70.5187461853027
71.3187461853027
71.6796836853027
72.1593711853027
72.5187461853027
73.0390586853027
73.0796836853027
73.0796836853027
73.0390586853027
72.6390586853027
72.4390586853027
72.1187461853027
71.8796836853027
71.0390586853027
70.4796836853027
69.7999961853027
68.9187461853027
68.2390586853027
67.2390586853027
66.1187461853027
64.9999961853027
63.4390586853027
62.1593711853027
60.3999961853027
59.1999961853027
57.3593711853027
55.7999961853027
53.7593711853027
52.1187461853027
50.2796836853027
48.4390586853027
46.7593711853027
44.7999961853027
42.8796836853027
