-2.93624999284744
-2.75999999284744
-2.60812499284744
-2.38406249284744
-2.14406249284744
-1.94406249284744
-1.74406249284744
-1.51218749284744
-1.28812499284744
-1.01624999284744
-0.879999992847443
-0.559999992847443
-0.312187492847443
-0.119999992847443
0.143750007152557
0.320000007152557
0.631875007152557
0.807812507152557
1.08781250715256
1.31187500715256
1.51187500715256
1.76000000715256
1.97593750715256
2.20000000715256
2.35187500715256
2.47187500715256
2.69593750715256
2.88000000715256
3.02375000715256
3.14375000715256
3.28000000715256
3.34375000715256
3.50375000715256
3.57593750715256
3.56000000715256
3.67187500715256
3.68000000715256
3.72000000715256
3.74375000715256
3.72000000715256
3.68000000715256
3.61593750715256
3.62375000715256
3.49593750715256
3.40781250715256
3.31187500715256
3.24000000715256
3.12000000715256
3.00781250715256
2.85593750715256
2.64781250715256
2.51187500715256
2.35187500715256
2.13593750715256
1.88781250715256
1.64000000715256
1.44000000715256
1.11187500715256
0.871875007152557
0.655937507152557
0.367812507152557
0.120000007152557
-0.104062492847443
-0.296249992847443
-0.576249992847443
-0.816249992847443
-1.03999999284744
-1.31218749284744
-1.48812499284744
-1.74406249284744
-1.96812499284744
-2.19999999284744
-2.38406249284744
-2.58406249284744
-2.79218749284744
-2.99218749284744
-3.09624999284744
-3.24812499284744
-3.37624999284744
-3.48812499284744
-3.63218749284744
-3.68812499284744
-3.79218749284744
-3.87218749284744
-3.95999999284744
-3.98406249284744
-3.93624999284744
-3.94406249284744
-3.92812499284744
-3.91999999284744
-3.87999999284744
-3.83999999284744
-3.73624999284744
-3.63999999284744
-3.51218749284744
-3.39999999284744
-3.23218749284744
-3.08812499284744
-2.92812499284744
-2.77624999284744
-2.55218749284744
-2.40812499284744
-2.18406249284744
-1.99999999284744
-1.71999999284744
-1.53624999284744
-1.31218749284744
-1.14406249284744
-0.879999992847443
-0.656249992847443
-0.439999992847443
-0.104062492847443
0.120000007152557
0.343750007152557
0.591875007152557
0.823750007152557
1.04000000715256
1.29593750715256
1.50375000715256
1.72000000715256
1.98375000715256
2.17593750715256
2.35187500715256
2.49593750715256
2.68781250715256
2.80781250715256
3.00781250715256
3.14375000715256
3.26375000715256
3.40781250715256
3.45593750715256
3.54375000715256
3.64000000715256
3.64000000715256
3.68000000715256
3.64781250715256
3.65593750715256
3.70375000715256
3.64781250715256
3.62375000715256
3.55187500715256
3.53593750715256
3.45593750715256
3.35187500715256
3.24781250715256
3.12000000715256
3.00000000715256
2.85593750715256
2.68781250715256
2.52000000715256
2.30375000715256
2.10375000715256
1.87187500715256
1.70375000715256
1.41593750715256
1.19187500715256
0.887812507152557
0.623750007152557
0.375937507152557
0.143750007152557
-0.0962499928474426
-0.344062492847443
-0.568124992847443
-0.792187492847443
-1.07218749284744
-1.32812499284744
-1.51999999284744
-1.75218749284744
-1.94406249284744
-2.16812499284744
-2.43999999284744
-2.55999999284744
-2.76812499284744
-2.90406249284744
-3.11218749284744
-3.22406249284744
-3.37624999284744
-3.47999999284744
-3.62406249284744
-3.71218749284744
-3.78406249284744
-3.84812499284744
-3.93624999284744
-3.94406249284744
-3.95999999284744
-3.99999999284744
-3.99218749284744
-3.89624999284744
-3.88812499284744
-3.80812499284744
-3.77624999284744
-3.61624999284744
-3.51999999284744
-3.38406249284744
-3.27999999284744
-3.13624999284744
-2.96812499284744
-2.74406249284744
-2.60812499284744
-2.42406249284744
-2.19999999284744
-1.95218749284744
-1.75999999284744
-1.49624999284744
-1.34406249284744
-1.11218749284744
-0.808124992847443
-0.599999992847443
-0.392187492847443
-0.128124992847443
0.0637500071525574
0.360000007152557
0.583750007152557
0.823750007152557
1.06375000715256
1.28000000715256
1.53593750715256
1.73593750715256
1.94375000715256
2.15187500715256
2.36000000715256
2.53593750715256
2.70375000715256
2.84781250715256
2.97593750715256
3.15187500715256
3.28000000715256
3.38375000715256
3.45593750715256
3.58375000715256
3.60000000715256
3.67187500715256
3.68000000715256
3.68781250715256
3.67187500715256
3.68781250715256
3.65593750715256
3.66375000715256
3.60000000715256
3.50375000715256
3.40781250715256
3.40000000715256
3.20781250715256
3.12781250715256
3.02375000715256
2.88781250715256
2.71187500715256
2.53593750715256
2.35187500715256
2.15187500715256
1.88781250715256
1.65593750715256
1.40781250715256
1.17593750715256
0.895937507152557
0.663750007152557
0.463750007152557
0.175937507152557
-0.0640624928474426
-0.368124992847443
-0.559999992847443
-0.808124992847443
-1.03218749284744
-1.28812499284744
-1.51999999284744
-1.71218749284744
-1.99218749284744
-2.19218749284744
-2.39218749284744
-2.56812499284744
-2.75999999284744
-2.91218749284744
-3.10406249284744
-3.21624999284744
-3.41624999284744
-3.55218749284744
-3.65624999284744
-3.71218749284744
-3.80812499284744
-3.88812499284744
-3.92812499284744
-3.91999999284744
-3.99218749284744
-3.96812499284744
-3.91218749284744
-3.95999999284744
-3.88812499284744
-3.82406249284744
-3.75999999284744
-3.69624999284744
-3.54406249284744
-3.41624999284744
-3.23999999284744
-3.10406249284744
-2.95218749284744
-2.75218749284744
-2.59218749284744
-2.37624999284744
-2.22406249284744
-2.01624999284744
-1.76812499284744
-1.56812499284744
-1.36812499284744
-1.08812499284744
-0.848124992847443
-0.608124992847443
-0.376249992847443
-0.119999992847443
0.0718750071525574
0.407812507152557
0.575937507152557
0.855937507152557
1.00781250715256
1.27187500715256
1.44000000715256
1.72000000715256
1.95187500715256
2.16000000715256
2.33593750715256
2.50375000715256
2.67187500715256
2.87187500715256
3.00781250715256
3.12781250715256
3.28000000715256
3.36000000715256
3.48000000715256
3.53593750715256
3.59187500715256
3.64000000715256
3.64781250715256
3.69593750715256
3.71187500715256
3.71187500715256
3.64000000715256
3.64000000715256
3.64000000715256
3.51187500715256
3.44000000715256
3.34375000715256
3.24781250715256
3.11187500715256
3.02375000715256
2.84781250715256
2.65593750715256
2.54375000715256
2.29593750715256
2.11187500715256
1.91187500715256
1.68000000715256
1.41593750715256
1.18375000715256
0.920000007152557
0.671875007152557
0.400000007152557
0.207812507152557
-0.112187492847443
-0.319999992847443
-0.544062492847443
-0.799999992847443
-0.984062492847443
-1.30406249284744
-1.53624999284744
-1.74406249284744
-1.93624999284744
-2.16812499284744
-2.41624999284744
-2.55218749284744
-2.75999999284744
-2.95999999284744
-3.04812499284744
-3.19999999284744
-3.38406249284744
-3.46406249284744
-3.58406249284744
-3.73624999284744
-3.77624999284744
-3.89624999284744
-3.89624999284744
-3.94406249284744
-3.99999999284744
-4.01624999284744
-3.98406249284744
-3.92812499284744
-3.87218749284744
-3.84812499284744
-3.76812499284744
-3.66406249284744
-3.55999999284744
-3.43218749284744
-3.24812499284744
-3.15999999284744
-2.98406249284744
-2.75218749284744
-2.63999999284744
-2.43218749284744
-2.17624999284744
-2.01624999284744
-1.79218749284744
-1.59999999284744
-1.35218749284744
-1.11999999284744
-0.888124992847443
-0.656249992847443
-0.368124992847443
-0.144062492847443
0.0959375071525574
0.375937507152557
0.543750007152557
0.767812507152557
1.00000000715256
1.22375000715256
1.48781250715256
1.73593750715256
1.94375000715256
2.12000000715256
2.29593750715256
2.45593750715256
2.66375000715256
2.80000000715256
3.03187500715256
3.12000000715256
3.20000000715256
3.39187500715256
3.46375000715256
3.56781250715256
3.59187500715256
3.65593750715256
3.65593750715256
3.76000000715256
3.74375000715256
3.69593750715256
3.71187500715256
3.64781250715256
3.59187500715256
3.55187500715256
3.48781250715256
3.34375000715256
3.22375000715256
3.14375000715256
3.04000000715256
2.87187500715256
2.74375000715256
2.51187500715256
2.36781250715256
2.07187500715256
1.96000000715256
1.72000000715256
1.45593750715256
1.16781250715256
0.951875007152557
0.703750007152557
0.440000007152557
0.127812507152557
-0.104062492847443
-0.304062492847443
-0.544062492847443
-0.752187492847443
-0.992187492847443
-1.28812499284744
-1.49624999284744
-1.71999999284744
-1.95999999284744
-2.13624999284744
-2.39218749284744
-2.55218749284744
-2.72812499284744
-2.93624999284744
-3.10406249284744
-3.23999999284744
-3.35999999284744
-3.54406249284744
-3.55218749284744
-3.72812499284744
-3.78406249284744
-3.86406249284744
-3.88812499284744
-3.93624999284744
-3.95999999284744
-3.95218749284744
-3.96812499284744
-3.91218749284744
-3.85624999284744
-3.83218749284744
-3.74406249284744
-3.67218749284744
-3.59218749284744
-3.44812499284744
-3.29624999284744
-3.11218749284744
-2.93624999284744
-2.85624999284744
-2.59999999284744
-2.42406249284744
-2.22406249284744
-1.99218749284744
-1.81624999284744
-1.55999999284744
-1.38406249284744
-1.15218749284744
-0.928124992847443
-0.656249992847443
-0.448124992847443
-0.159999992847443
0.120000007152557
0.311875007152557
0.567812507152557
0.807812507152557
1.05593750715256
1.24000000715256
1.52000000715256
1.76781250715256
1.91187500715256
2.11187500715256
2.33593750715256
2.54375000715256
2.61593750715256
2.89593750715256
2.94375000715256
3.14375000715256
3.24781250715256
3.38375000715256
3.50375000715256
3.52000000715256
3.61593750715256
3.64000000715256
3.72781250715256
3.69593750715256
3.68781250715256
3.72000000715256
3.66375000715256
3.63187500715256
3.58375000715256
3.51187500715256
3.48000000715256
3.39187500715256
3.25593750715256
3.16781250715256
3.03187500715256
2.87187500715256
2.72781250715256
2.52000000715256
2.33593750715256
2.16781250715256
1.93593750715256
1.72000000715256
1.44781250715256
1.14375000715256
0.951875007152557
0.703750007152557
0.447812507152557
0.167812507152557
-0.0799999928474426
-0.312187492847443
-0.559999992847443
-0.792187492847443
-0.944062492847443
-1.24812499284744
-1.49624999284744
-1.71999999284744
-1.95218749284744
-2.12812499284744
-2.39218749284744
-2.54406249284744
-2.71218749284744
-2.91999999284744
-3.07999999284744
-3.22406249284744
-3.35999999284744
-3.47999999284744
-3.63218749284744
-3.67218749284744
-3.82406249284744
-3.92812499284744
-3.95218749284744
-3.93624999284744
-3.99218749284744
-3.99218749284744
-3.96812499284744
-3.95218749284744
-3.87999999284744
-3.81624999284744
-3.71218749284744
-3.63999999284744
-3.54406249284744
-3.39999999284744
-3.31218749284744
-3.13624999284744
-2.97624999284744
-2.80812499284744
-2.65624999284744
-2.41624999284744
-2.15999999284744
-2.03999999284744
-1.82406249284744
-1.59999999284744
-1.37624999284744
-1.13624999284744
-0.879999992847443
-0.639999992847443
-0.424062492847443
-0.192187492847443
0.103750007152557
0.327812507152557
0.527812507152557
0.760000007152557
1.00781250715256
1.26375000715256
1.51187500715256
1.68000000715256
1.92781250715256
2.15187500715256
2.28000000715256
2.53593750715256
2.64781250715256
2.83187500715256
2.92781250715256
3.08000000715256
3.27187500715256
3.40000000715256
3.48781250715256
3.52000000715256
3.61593750715256
3.62375000715256
3.69593750715256
3.69593750715256
3.65593750715256
3.70375000715256
3.64781250715256
3.67187500715256
3.60000000715256
3.56000000715256
3.42375000715256
3.36000000715256
3.28000000715256
3.16000000715256
3.01593750715256
2.88781250715256
2.72000000715256
2.54375000715256
2.35187500715256
2.13593750715256
2.00000000715256
1.75187500715256
1.46375000715256
1.24781250715256
0.983750007152557
0.743750007152557
0.431875007152557
0.207812507152557
-0.0562499928474426
-0.279999992847443
-0.519999992847443
-0.799999992847443
-1.00812499284744
-1.26406249284744
-1.47999999284744
-1.64812499284744
-1.91999999284744
-2.14406249284744
-2.32812499284744
-2.55999999284744
-2.75218749284744
-2.93624999284744
-3.06406249284744
-3.23999999284744
-3.38406249284744
-3.50406249284744
-3.56812499284744
-3.71999999284744
-3.76812499284744
-3.86406249284744
-3.93624999284744
-3.96812499284744
-3.94406249284744
-4.01624999284744
-3.97624999284744
-3.95999999284744
-3.91218749284744
-3.83999999284744
-3.76812499284744
-3.65624999284744
-3.61624999284744
-3.44812499284744
-3.27218749284744
-3.15218749284744
-2.95999999284744
-2.80812499284744
-2.63999999284744
-2.43218749284744
-2.22406249284744
-2.02406249284744
-1.81624999284744
-1.61624999284744
-1.37624999284744
-1.15999999284744
-0.936249992847443
-0.672187492847443
-0.448124992847443
-0.159999992847443
0.0159375071525574
0.287812507152557
0.520000007152557
0.767812507152557
1.05593750715256
1.24000000715256
1.44000000715256
1.69593750715256
1.91187500715256
2.08781250715256
2.25593750715256
2.48000000715256
2.64781250715256
2.76781250715256
2.97593750715256
3.06375000715256
3.24000000715256
3.36781250715256
3.44781250715256
3.54375000715256
3.59187500715256
3.63187500715256
3.68781250715256
3.69593750715256
3.74375000715256
3.69593750715256
3.72000000715256
3.68000000715256
3.59187500715256
3.52000000715256
3.49593750715256
3.39187500715256
3.29593750715256
3.17593750715256
3.05593750715256
2.89593750715256
2.71187500715256
2.52000000715256
2.31187500715256
2.12781250715256
1.94375000715256
1.72781250715256
1.48781250715256
1.19187500715256
0.943750007152557
0.687812507152557
0.480000007152557
0.183750007152557
-0.0162499928474426
-0.344062492847443
-0.552187492847443
-0.792187492847443
-1.03218749284744
-1.23999999284744
-1.43999999284744
-1.66406249284744
-1.91999999284744
-2.14406249284744
-2.27999999284744
-2.59218749284744
-2.68812499284744
-2.94406249284744
-3.01624999284744
-3.18406249284744
-3.36812499284744
-3.49624999284744
-3.58406249284744
-3.70406249284744
-3.78406249284744
-3.86406249284744
-3.90406249284744
-3.99999999284744
-3.97624999284744
-3.95999999284744
-3.94406249284744
-3.93624999284744
-3.89624999284744
-3.87218749284744
-3.83218749284744
-3.70406249284744
-3.57624999284744
-3.42406249284744
-3.26406249284744
-3.15218749284744
-3.00812499284744
-2.81624999284744
-2.61624999284744
-2.43999999284744
-2.24812499284744
-1.99999999284744
-1.80812499284744
-1.61624999284744
-1.37624999284744
-1.15218749284744
-0.904062492847443
-0.632187492847443
-0.424062492847443
-0.248124992847443
0.0400000071525574
0.280000007152557
0.487812507152557
0.767812507152557
1.00781250715256
1.26375000715256
1.46375000715256
1.65593750715256
1.89593750715256
2.12000000715256
2.26375000715256
2.52781250715256
2.65593750715256
2.83187500715256
2.91187500715256
3.10375000715256
3.25593750715256
3.34375000715256
3.43187500715256
3.50375000715256
3.60000000715256
3.61593750715256
3.68781250715256
3.64781250715256
3.68781250715256
3.71187500715256
3.68000000715256
3.68781250715256
3.57593750715256
3.51187500715256
3.49593750715256
3.39187500715256
3.26375000715256
3.14375000715256
3.02375000715256
2.92781250715256
2.77593750715256
2.56000000715256
2.33593750715256
2.15187500715256
1.97593750715256
1.69593750715256
1.48000000715256
1.17593750715256
0.951875007152557
0.735937507152557
0.463750007152557
0.191875007152557
-0.0162499928474426
-0.328124992847443
-0.544062492847443
-0.728124992847443
-0.992187492847443
-1.19999999284744
-1.47999999284744
-1.66406249284744
-1.91999999284744
-2.11218749284744
-2.41624999284744
-2.55218749284744
-2.77624999284744
-2.89624999284744
-3.02406249284744
-3.20812499284744
-3.34406249284744
-3.46406249284744
-3.59218749284744
-3.71218749284744
-3.74406249284744
-3.87218749284744
-3.91999999284744
-3.91999999284744
-3.98406249284744
-4.04812499284744
-3.94406249284744
-3.93624999284744
-3.94406249284744
-3.80812499284744
-3.75999999284744
-3.64812499284744
-3.61624999284744
-3.41624999284744
-3.31999999284744
-3.11218749284744
-2.94406249284744
-2.85624999284744
-2.65624999284744
-2.48812499284744
-2.25624999284744
-2.07999999284744
-1.79999999284744
-1.63218749284744
-1.39218749284744
-1.14406249284744
-0.879999992847443
-0.696249992847443
-0.439999992847443
-0.199999992847443
0.0237500071525574
0.280000007152557
0.480000007152557
0.760000007152557
1.00781250715256
1.16000000715256
1.44000000715256
1.68781250715256
1.84000000715256
2.09593750715256
2.28000000715256
2.43187500715256
2.62375000715256
2.84000000715256
2.93593750715256
3.11187500715256
3.21593750715256
3.32000000715256
3.44000000715256
3.56781250715256
3.56781250715256
3.60781250715256
3.67187500715256
3.64000000715256
3.68781250715256
3.72781250715256
3.64781250715256
3.64781250715256
3.57593750715256
3.52000000715256
3.46375000715256
3.33593750715256
3.27187500715256
3.13593750715256
3.03187500715256
2.88000000715256
2.74375000715256
2.52781250715256
2.40781250715256
2.16781250715256
1.96781250715256
1.74375000715256
1.49593750715256
1.29593750715256
0.951875007152557
0.720000007152557
0.480000007152557
0.215937507152557
0.0400000071525574
-0.216249992847443
-0.488124992847443
-0.752187492847443
-0.959999992847443
-1.18406249284744
-1.48812499284744
-1.68812499284744
-1.88812499284744
-2.12812499284744
-2.34406249284744
-2.51999999284744
-2.71218749284744
-2.88812499284744
-3.04812499284744
-3.20812499284744
-3.33624999284744
-3.46406249284744
-3.59218749284744
-3.65624999284744
-3.79218749284744
-3.84812499284744
-3.90406249284744
-3.91999999284744
-3.95999999284744
-3.99999999284744
-3.95999999284744
-3.91999999284744
-3.89624999284744
-3.86406249284744
-3.75999999284744
-3.63999999284744
-3.55218749284744
-3.48812499284744
-3.28812499284744
-3.14406249284744
-2.95999999284744
-2.87999999284744
-2.70406249284744
-2.48812499284744
-2.23218749284744
-2.07999999284744
-1.82406249284744
-1.62406249284744
-1.39999999284744
-1.20812499284744
-0.944062492847443
-0.719999992847443
-0.439999992847443
-0.199999992847443
0.0559375071525574
0.240000007152557
0.487812507152557
0.760000007152557
0.943750007152557
1.23187500715256
