0.4751249621436
0.499124960713088
0.554343707421795
0.621562453415245
0.703124948553741
0.784781193686649
0.854343689540401
0.940781184388325
1.02712492924184
1.09199992537498
1.18078117008321
1.26956241479144
1.36312490921468
1.45678115363233
1.56712489705533
1.66078114147298
1.78799988389015
1.89599987745285
1.99912487130612
2.12156236400828
2.22712485771626
2.33278110141866
2.43112484555691
2.57999983668327
2.67356233110651
2.79834357366897
2.89912481766194
2.99999981164932
3.09834355578758
3.19199980020523
3.28078104491346
3.36478103990667
3.44878103489988
3.52312478046864
3.5663435278926
3.63112477403134
3.68399977087975
3.71999976873398
3.782343515018
3.80399976372719
3.83512476187199
3.87112475972623
3.88078100915067
3.90234350786544
3.92399975657463
3.95756225457415
3.94556225528941
3.95756225457415
3.96956225385889
3.95999975442886
3.96234350428917
3.95278100485913
3.92878100628965
3.92399975657463
3.90956225743517
3.85678101058118
3.80156226387247
3.68878102059476
3.59278102631681
3.47512478332967
3.34799979090691
3.21599979877472
3.08399980664253
2.95678106422536
2.84156232109293
2.68799983024597
2.5631248376891
2.43834359512664
2.32078110213391
2.16712486129254
2.03278111930005
1.92478112573735
1.80712488275021
1.67278114075772
1.55999989748001
1.4495624040626
1.32712491136044
1.21678116793744
1.11834367380478
1.01512492995709
0.923999935388565
0.832781190825626
0.760781195117161
0.679124949984252
0.62634370313026
0.549562457706779
0.489562461283058
0.441562464144081
0.393562467005104
0.369562468435615
0.355124969296157
0.331124970726669
0.338343720296398
0.331124970726669
0.338343720296398
0.362343718865886
0.38156246772036
0.417562465574592
0.465562462713569
0.503999960422516
0.568781206561252
0.619124953560531
0.69356244912371
0.772781194401905
0.849562439825386
0.923999935388565
1.00799993038177
1.09199992537498
1.18312491994351
1.27678116436116
1.33912491064519
1.46634365306236
1.55999989748001
1.67512489061803
1.77112488489598
1.88399987816811
1.99678112144582
2.10712486486882
2.20312485914677
2.33756235113367
2.46234359369613
2.56556233754382
2.6711248312518
2.79356232395396
2.89434356794693
2.98312481265515
3.08878105635755
3.19199980020523
3.27356229534373
3.3743435393367
3.41034353719093
3.49678103203885
3.58799977660179
3.62156227460131
3.69112477045506
3.73678101773374
3.76556226601824
3.81599976301193
3.84478101129644
3.86878100986592
3.88556225886568
3.90956225743517
3.92634350643493
3.94078100557439
3.93834350571968
3.95756225457415
3.95756225457415
3.94556225528941
3.94799975514412
3.97199975371361
3.93834350571968
3.93599975585938
3.90234350786544
3.85912476044148
3.78478101487272
3.70556226959452
3.59756227603182
3.46312478404492
3.35034354076721
3.22312479835004
3.08634355650283
2.94956231465563
2.8319998216629
2.68799983024597
2.56556233754382
2.44312484484166
2.30399985313416
2.17434361086227
2.06878111715429
1.91512487631291
1.79034363375045
1.67512489061803
1.55278114791028
1.44478115434758
1.33199991106987
1.23112491708249
1.11599992394447
1.01999992966652
0.92878118510358
0.849562439825386
0.760781195117161
0.688781199408695
0.6095624541305
0.554343707421795
0.494343710998073
0.451124963574111
0.410343716004863
0.362343718865886
0.34799996972084
0.352781219435856
0.311999971866608
0.321562471296638
0.333562470581382
0.340781220151111
0.37434371815063
0.422343715289607
0.451124963574111
0.503999960422516
0.566343706706539
0.628781202984974
0.695999948978424
0.789562443401664
0.832781190825626
0.923999935388565
1.02712492924184
1.07756242623553
1.18312491994351
1.26712491493672
1.35834365949966
1.45912490349263
1.57199989676476
1.64878114218824
1.76634363518097
1.87912487845868
1.99434362159111
2.10712486486882
2.21756235828623
2.33034360156395
2.42878109569661
2.55834358797409
2.66634358153678
2.75999982595444
2.88234356866218
2.99999981164932
3.09599980592728
3.1871248004958
3.27356229534373
3.35999979019165
3.42478103633039
3.50156228175387
3.57599977731705
3.63356227388605
3.68399977087975
3.74156226744875
3.76556226601824
3.80399976372719
3.83512476187199
3.86878100986592
3.88556225886568
3.89756225815043
3.92634350643493
3.93599975585938
3.95278100485913
3.95034350500442
3.96956225385889
3.94556225528941
3.96234350428917
3.94799975514412
3.94799975514412
3.93356225600466
3.90478100772016
3.86878100986592
3.80634351358749
3.70312476973981
3.59034352646209
3.47756228318438
3.35034354076721
3.23034354791977
3.08399980664253
2.96156231394038
2.8319998216629
2.67834358082153
2.56556233754382
2.45999984383583
2.32556235184893
2.17912486057729
2.06634361729957
1.93199987530708
1.8023436330352
1.67034364090301
1.55034364805557
1.43756240477785
1.33434366093017
1.21434366808273
1.12799992322922
1.03199992895126
0.940781184388325
0.84478119011037
0.758343695262447
0.669562450554222
0.623999953269959
0.54234370813705
0.506343710282817
0.446343713859096
0.403124966435134
0.38156246772036
0.352781219435856
0.333562470581382
0.323999971151352
0.331124970726669
0.335999970436096
0.3647812187206
0.383999967575073
0.417562465574592
0.455999963283539
0.506343710282817
0.556781207276508
0.619124953560531
0.68399994969368
0.760781195117161
0.839999940395355
0.916781185818836
1.00799993038177
1.08478117580526
1.16634367094375
1.26956241479144
1.35112490992993
1.44712490420789
1.56478114719503
1.67034364090301
1.76878113503568
1.88399987816811
1.98712487202138
2.1023436151538
2.2103436087165
2.32556235184893
2.45999984383583
2.55356233825907
2.6711248312518
2.78156232466921
2.8847810685169
2.99278106207959
3.09356230607256
3.1847810506355
3.27112479548901
3.35278104062192
3.42234353647567
3.49434353218414
3.5639997780323
3.62878102417104
3.67678102131002
3.7271247683093
3.76556226601824
3.81599976301193
3.83756226172671
3.85199976086617
3.87356225958094
3.89999975800514
3.91199975728989
3.94556225528941
3.94078100557439
3.94556225528941
3.96234350428917
3.95512475471944
3.96478100414388
3.95278100485913
3.94312475543469
3.92878100628965
3.91434350715019
3.88556225886568
3.79912476401776
3.70312476973981
3.59512477617711
3.48478103275411
3.35999979019165
3.23278104777448
3.10799980521202
2.96399981379509
2.84156232109293
2.71678107853048
2.5895623361133
2.44556234469637
2.32312485199422
2.18399986028671
2.05912486772984
1.92234362588264
1.81199988245964
1.68478114004247
1.56478114719503
1.45434365377761
1.33678116078489
1.22156241765246
1.13512492280453
1.03434367881157
0.92878118510358
0.837562440540641
0.767999944686889
0.667124950699508
0.62634370313026
0.566343706706539
0.496781210852787
0.453562463428825
0.419999965429306
0.379124967865646
0.343124970011413
0.338343720296398
0.333562470581382
0.333562470581382
0.335999970436096
0.3647812187206
0.379124967865646
0.403124966435134
0.451124963574111
0.501562460567802
0.549562457706779
0.619124953560531
0.688781199408695
0.779999943971634
0.851999939680099
0.92878118510358
1.01034368024208
1.08712492566556
1.16156242122874
1.25512491565198
1.3703436587844
1.4495624040626
1.55034364805557
1.66799989104271
1.76156238546595
1.87678112859838
1.98234362230636
2.09278111572377
2.21999985814095
2.32799985170364
2.43356234541163
2.54399983882904
2.66634358153678
2.77199982523918
2.88234356866218
2.99756231179461
3.08156230678782
3.17278105135076
3.28078104491346
3.35512479048222
3.41512478690594
3.49678103203885
3.5663435278926
3.63834352360107
3.68399977087975
3.71278101916425
3.76078101630323
3.79678101415746
3.83034351215698
3.8615622602962
3.8903435085807
3.91199975728989
3.93599975585938
3.92399975657463
3.92878100628965
3.94799975514412
3.95034350500442
3.96956225385889
3.96712475400418
3.96234350428917
3.94078100557439
3.92878100628965
3.90234350786544
3.87599975943565
3.81834351287223
3.71999976873398
3.58556227674708
3.4823435328994
3.36234354005195
3.23034354791977
3.11512480478734
2.97834356294014
2.84399982094765
2.71912482839078
2.58234358654357
2.4527810942661
2.32312485199422
2.18399986028671
2.06634361729957
1.9391248748824
1.80712488275021
1.68956238975748
1.57912489634007
1.46878115291707
1.33912491064519
1.24799991607666
1.13512492280453
1.04156242838129
0.938343684533611
0.851999939680099
0.789562443401664
0.686343699553981
0.623999953269959
0.568781206561252
0.508781210137531
0.470343712428585
0.398343716720119
0.386343717435375
0.355124969296157
0.328781220866367
0.323999971151352
0.311999971866608
0.331124970726669
0.350343719581142
0.367124968580901
0.407999966144562
0.439124964289367
0.499124960713088
0.556781207276508
0.604781204415485
0.674343700269237
0.767999944686889
0.84478119011037
0.919124935679138
1.00078118081205
1.09678117509
1.15912492137402
1.26234366522171
1.34634366021492
1.45199990391731
1.55999989748001
1.66078114147298
1.76399988532066
1.87434362874366
1.98478112216108
2.08799986600876
2.2079998588562
2.32556235184893
2.43356234541163
2.54634358868934
2.64956233253703
2.76478107566945
2.8847810685169
2.96878106351011
3.08634355650283
3.1847810506355
3.27599979519844
3.35999979019165
3.43199978590012
3.50634353146888
3.58078102703206
3.63599977374077
3.67912477117032
3.70556226959452
3.76312476616353
3.79199976444244
3.82078101272695
3.84956226101145
3.87834350929596
3.89512475829572
3.92156225671992
3.93356225600466
3.93834350571968
3.95512475471944
3.94556225528941
3.95999975442886
3.95034350500442
3.96712475400418
3.94556225528941
3.93599975585938
3.90956225743517
3.88078100915067
3.79912476401776
3.72956226816401
3.62156227460131
3.48956228246912
3.36956228962168
3.23512479763478
3.12478105421178
2.98556231250986
2.84399982094765
2.72878107781522
2.59199983596802
2.45756234398112
2.32556235184893
2.19112485986203
2.07112486701459
1.95356237402186
1.82156238188967
1.6919998896122
1.59356239547953
1.46156240334734
1.36078115935437
1.24078116650693
1.13756242265925
1.04156242838129
0.938343684533611
0.854343689540401
0.782343693831935
0.703124948553741
0.623999953269959
0.55912495713681
0.530343708852306
0.472781212283298
0.429562464859337
0.383999967575073
0.352781219435856
0.34799996972084
0.340781220151111
0.323999971151352
0.338343720296398
0.34799996972084
0.376781218005344
0.415124965719879
0.45834371314384
0.479999961853027
0.554343707421795
0.614343703845516
0.671999950408936
0.760781195117161
0.827999941110611
0.911999936103821
1.00078118081205
1.0679999268055
1.16399992108345
1.24312491636723
1.35599990963936
1.44712490420789
1.54078114862554
1.65599989175797
1.76156238546595
1.86234362945892
1.98712487202138
2.08078111643903
2.2079998588562
2.3183436022792
2.44556234469637
2.54399983882904
2.64956233253703
2.76234357581474
2.86556231966242
2.97599981307983
3.08634355650283
3.17999980092049
3.27356229534373
3.35512479048222
3.43199978590012
3.4823435328994
3.56156227817759
3.62399977445602
3.6743435214553
3.71512476902455
3.75112476687878
3.79434351430275
3.83999976158142
3.87356225958094
3.8903435085807
3.91199975728989
3.93356225600466
3.94312475543469
3.95999975442886
3.96234350428917
3.94799975514412
3.95512475471944
3.96234350428917
3.96234350428917
3.94799975514412
3.92634350643493
3.91199975728989
3.8879997587204
3.81356226315722
3.71756226887926
3.61199977517128
3.50399978160858
3.35756229033694
3.23999979734421
3.11999980449677
2.97834356294014
2.85356232037768
2.72878107781522
2.59678108568303
2.46234359369613
2.33999985098839
2.20556235900149
2.07112486701459
1.94156237473711
1.82399988174438
1.70878113861196
1.59834364519455
1.46634365306236
1.34878116006963
1.24556241622195
1.15199992179871
1.04399992823601
0.947999933958053
0.868781188679859
0.772781194401905
0.703124948553741
0.628781202984974
0.55912495713681
0.513562459852546
0.463124962858856
0.407999966144562
0.379124967865646
0.34799996972084
0.338343720296398
0.326343721011653
0.333562470581382
0.326343721011653
0.362343718865886
0.371999968290329
0.405562466289848
0.443999963998794
0.499124960713088
0.539999958276749
0.6095624541305
0.679124949984252
0.770343694547191
0.825562441255897
0.914343685964122
1.00078118081205
1.08712492566556
1.14956242194399
1.25756241550669
1.34634366021492
1.44478115434758
1.54312489848584
1.64634364233352
1.75678113575093
1.86234362945892
1.96312487345189
2.07834361658432
2.19356235971674
2.30878110284917
2.42878109569661
2.54156233897433
2.65434358225204
2.75034357652999
2.86556231966242
2.97834356294014
3.06234355793335
3.16556230178103
3.27834354505874
3.34078104133718
3.41278103704564
3.50399978160858
3.57356227746233
3.62634352431633
3.67912477117032
3.71756226887926
3.75599976658821
3.79199976444244
3.83278101201169
3.85912476044148
3.88556225886568
3.90956225743517
3.91434350715019
3.91434350715019
3.93356225600466
3.94556225528941
3.95278100485913
3.95278100485913
3.95999975442886
3.96234350428917
3.94078100557439
3.93112475614995
3.91434350715019
3.88312475901097
3.83756226172671
3.73199976801872
3.6191247747466
3.50399978160858
3.37678103919141
3.25199979662895
3.11756230464205
2.99278106207959
2.87756231894717
2.72634357796051
2.59678108568303
2.47199984312058
2.35434360013343
2.19356235971674
2.0735623668693
1.97278112287633
1.82634363160469
1.69678113932721
1.58878114576451
1.47112490277737
1.36078115935437
1.25034366593696
1.14712492208928
1.04878117795102
0.950343683818355
0.868781188679859
0.784781193686649
0.717562447693199
0.628781202984974
0.561562456991523
0.51599995970726
0.463124962858856
0.415124965719879
0.379124967865646
0.359999969005585
0.350343719581142
0.335999970436096
0.331124970726669
0.338343720296398
0.34799996972084
0.369562468435615
0.415124965719879
0.436781214429065
0.487124961428344
0.55912495713681
0.619124953560531
0.669562450554222
0.741562446262687
0.827999941110611
0.902343686679378
0.988781181527302
1.07512492638081
1.15199992179871
1.24556241622195
1.33434366093017
1.43278115506284
1.53356239905581
1.64399989247322
1.75434363589622
1.85278113002889
1.97512487273663
2.08312486629933
2.19599985957146
2.3183436022792
2.41434359655716
2.52956233968958
2.64478108282201
2.75999982595444
2.86078106994741
2.94956231465563
3.05512480836362
3.17034355149604
3.24956229677424
3.34078104133718
3.39834353790619
3.49199978232384
3.5639997780323
3.62156227460131
3.671999771595
3.71756226887926
3.76312476616353
3.80156226387247
3.82556226244196
3.86399976015091
3.89512475829572
3.90234350786544
3.92634350643493
3.92878100628965
3.94556225528941
3.94556225528941
3.96956225385889
3.96234350428917
3.97678100342862
3.95999975442886
3.95278100485913
3.92634350643493
3.92878100628965
3.88312475901097
3.82312476258725
3.74399976730347
3.62156227460131
3.50156228175387
3.38399978876114
3.25678104634397
3.11999980449677
2.99999981164932
2.87278106923215
2.71912482839078
2.59912483554333
2.48399984240532
2.34956235041842
2.21278110857122
2.09512486558408
1.96078112359159
1.84799988031387
1.71112488847226
1.59356239547953
1.4783436523471
1.3703436587844
1.25278116579168
1.15912492137402
1.04634367809631
0.947999933958053
0.863999938964844
0.779999943971634
0.698343698838725
0.623999953269959
0.566343706706539
0.530343708852306
0.467999962568283
0.43199996471405
0.388781217290088
0.379124967865646
0.338343720296398
0.345562469866127
0.335999970436096
0.323999971151352
0.359999969005585
0.383999967575073
0.403124966435134
0.443999963998794
0.484781211568043
0.551999957561493
0.585562455561012
0.679124949984252
0.734343696692958
0.815999941825867
0.897562436964363
0.983999931812286
1.05112492781132
1.15199992179871
1.23599991679192
1.34634366021492
1.43278115506284
1.52634364948608
1.62956239333376
1.74478113646619
1.85034363017417
1.97034362302162
2.08799986600876
2.18634361014701
2.30156235327944
2.41912484627217
2.5319998395443
2.63999983310699
2.75999982595444
2.85599982023239
2.97599981307983
3.06712480764836
3.16799980163574
3.25199979662895
3.32878104205243
3.41756228676066
3.47999978303909
3.55912477832288
3.60956227531657
3.6743435214553
3.7271247683093
3.74878101701848
3.78478101487272
3.82312476258725
3.85912476044148
3.89278100843541
3.8903435085807
3.92399975657463
3.92156225671992
3.95034350500442
3.96956225385889
3.95034350500442
3.96234350428917
3.97199975371361
3.96234350428917
3.96712475400418
3.93599975585938
3.92399975657463
3.8903435085807
3.82799976229668
3.74156226744875
3.62634352431633
3.50399978160858
3.39112478833646
3.26156229605898
3.12712480407208
2.99756231179461
2.85356232037768
2.7239998281002
2.61599983453751
2.49112484198064
2.35199985027313
2.22234360800125
2.0999998652935
1.97512487273663
1.8287811314594
1.72556238761172
1.60078114504926
1.46878115291707
1.38478115792386
1.26712491493672
1.16634367094375
1.06312492709607
0.957562433388084
0.875999938249588
0.79434369311668
0.719999947547912
0.631124952845275
0.571124956421554
0.51599995970726
0.4751249621436
0.424781215144321
0.395999966859817
0.379124967865646
0.34799996972084
0.326343721011653
0.311999971866608
0.326343721011653
0.352781219435856
0.371999968290329
0.405562466289848
0.443999963998794
0.479999961853027
0.544781207991764
0.614343703845516
0.652781201554462
0.734343696692958
0.813562441971153
0.904781186534092
0.974343682387844
1.06312492709607
1.14478117222898
1.24312491636723
1.34399991035461
1.44234365449287
1.52399989962578
1.64878114218824
1.76399988532066
1.85278113002889
1.95112487416714
2.06156236758456
