4.81593742370606
4.97593742370606
5.13593742370605
5.25593742370605
5.43187492370605
5.59187492370605
5.70374992370605
5.83187492370605
5.97593742370606
6.07187492370606
6.26374992370605
6.39999992370606
6.55187492370605
6.71999992370605
6.90374992370606
6.95999992370605
7.19187492370606
7.36781242370605
7.50374992370605
7.68781242370605
7.81593742370606
7.92781242370605
8.07999992370605
8.27187492370605
8.34374992370605
8.51999992370605
8.61593742370605
8.72781242370606
8.86374992370605
8.95187492370605
9.04781242370606
9.11999992370605
9.17593742370605
9.24781242370605
9.22374992370606
9.21593742370606
9.27999992370605
9.26374992370605
9.30374992370605
9.29593742370605
9.31187492370606
9.26374992370605
9.28781242370605
9.25593742370605
9.19999992370606
9.17593742370605
9.17593742370605
9.11187492370605
9.12781242370605
9.01593742370605
8.95187492370605
8.89593742370606
8.83999992370605
8.66374992370605
8.55187492370606
8.43999992370605
8.15187492370606
7.89593742370606
7.64781242370606
7.32781242370605
7.17593742370605
7.01593742370605
6.86374992370606
6.67187492370605
6.53593742370605
6.39999992370606
6.19187492370605
5.98374992370606
5.87999992370605
5.75999992370605
5.59187492370605
5.43999992370605
5.27999992370605
5.18374992370605
4.99187492370605
4.88781242370605
4.71999992370606
4.63999992370606
4.55999992370606
4.42374992370605
4.37593742370605
4.28781242370605
4.26374992370605
4.15187492370606
4.14374992370605
4.07187492370606
4.02374992370605
4.07187492370606
4.08781242370605
4.03999992370605
4.14374992370605
4.15999992370605
4.19187492370605
4.25593742370605
4.35999992370605
4.46374992370605
4.55187492370605
4.64781242370606
4.87999992370605
4.98374992370606
5.11187492370605
5.20781242370605
5.40781242370606
5.56781242370606
5.71187492370605
5.81593742370606
5.96781242370605
6.04781242370605
6.23999992370605
6.45593742370605
6.55187492370605
6.74374992370606
6.89593742370606
7.05593742370605
7.19187492370606
7.38374992370605
7.55999992370606
7.63999992370606
7.78374992370606
7.99187492370605
8.10374992370605
8.23187492370606
8.39187492370606
8.52781242370605
8.64781242370606
8.76781242370605
8.84781242370605
8.96781242370606
9.03999992370606
9.09593742370605
9.13593742370606
9.22374992370606
9.23187492370606
9.26374992370605
9.25593742370605
9.29593742370605
9.22374992370606
9.29593742370605
9.35187492370605
9.29593742370605
9.29593742370605
9.26374992370605
9.23187492370606
9.20781242370606
9.11187492370605
9.11999992370605
9.02374992370605
9.03187492370605
8.91999992370605
8.91187492370605
8.78374992370605
8.71187492370606
8.60781242370605
8.35999992370605
8.18374992370605
7.97593742370606
7.66374992370605
7.36781242370605
7.15187492370606
7.04781242370605
6.85593742370606
6.64781242370605
6.55187492370605
6.37593742370605
6.23999992370605
6.07187492370606
5.88781242370605
5.75187492370605
5.58374992370605
5.39999992370606
5.31187492370606
5.09593742370605
5.03187492370605
4.89593742370606
4.76781242370605
4.66374992370605
4.55187492370605
4.46374992370605
4.35187492370605
4.35999992370605
4.23187492370606
4.20781242370605
4.13593742370605
4.11999992370605
4.07999992370605
4.08781242370605
4.03999992370605
4.03187492370605
4.08781242370605
4.15999992370605
4.19999992370605
4.27187492370605
4.35187492370605
4.39999992370606
4.59187492370605
4.72781242370606
4.81593742370606
4.97593742370606
5.12781242370605
5.23999992370605
5.46374992370605
5.54374992370605
5.68781242370605
5.77593742370605
5.93593742370605
6.08781242370605
6.25593742370605
6.38374992370605
6.55999992370606
6.71999992370605
6.86374992370606
7.02374992370605
7.16781242370605
7.33593742370605
7.48781242370606
7.69593742370605
7.79187492370605
7.94374992370605
8.08781242370605
8.23187492370606
8.36781242370605
8.51187492370605
8.55999992370606
8.77593742370605
8.82374992370606
8.94374992370605
9.00781242370605
9.11187492370605
9.16781242370605
9.22374992370606
9.20781242370606
9.23999992370605
9.29593742370605
9.24781242370605
9.27187492370605
9.27999992370605
9.27187492370605
9.29593742370605
9.28781242370605
9.23999992370605
9.23999992370605
9.16781242370605
9.15187492370606
9.15187492370606
9.08781242370605
9.01593742370605
8.93593742370605
8.94374992370605
8.84781242370605
8.71187492370606
8.55187492370606
8.40781242370606
8.18374992370605
7.97593742370606
7.66374992370605
7.36781242370605
7.19187492370606
7.00781242370605
6.92781242370605
6.72781242370605
6.55187492370605
6.43187492370605
6.15999992370605
6.03187492370605
5.91999992370605
5.66374992370605
5.57593742370605
5.45593742370605
5.24781242370605
5.14374992370605
5.03187492370605
4.87187492370605
4.76781242370605
4.67999992370605
4.55187492370605
4.49593742370605
4.36781242370605
4.31187492370606
4.28781242370605
4.16781242370605
4.08781242370605
4.07999992370605
4.09593742370605
4.10374992370605
4.04781242370605
4.09593742370605
4.11187492370605
4.11999992370605
4.20781242370605
4.27999992370605
4.34374992370605
4.47187492370605
4.56781242370606
4.67187492370605
4.82374992370606
4.91187492370605
5.07187492370606
5.19187492370605
5.40781242370606
5.52781242370605
5.71187492370605
5.79187492370605
5.91999992370605
6.05593742370605
6.28781242370605
6.43187492370605
6.55999992370606
6.68781242370605
6.88781242370605
7.03187492370605
7.17593742370605
7.36781242370605
7.49593742370605
7.65593742370605
7.82374992370606
7.95999992370605
8.11187492370605
8.21593742370606
8.33593742370605
8.51187492370605
8.59999992370605
8.71187492370606
8.83999992370605
8.91187492370605
8.99999992370605
9.11999992370605
9.16781242370605
9.17593742370605
9.24781242370605
9.25593742370605
9.31187492370606
9.28781242370605
9.30374992370605
9.29593742370605
9.31187492370606
9.30374992370605
9.27187492370605
9.22374992370606
9.27999992370605
9.25593742370605
9.18374992370605
9.17593742370605
9.05593742370606
9.04781242370606
8.98374992370606
8.87187492370606
8.80781242370606
8.66374992370605
8.56781242370606
8.45593742370605
8.19999992370606
7.99187492370605
7.69593742370605
7.41593742370605
7.16781242370605
7.03999992370605
6.91187492370605
6.67999992370605
6.57593742370605
6.43999992370606
6.21593742370605
6.02374992370605
5.87187492370605
5.70374992370605
5.59187492370605
5.40781242370606
5.25593742370605
5.15187492370606
5.00781242370605
4.87187492370605
4.77593742370605
4.65593742370605
4.55187492370605
4.47187492370605
4.40781242370606
4.36781242370605
4.19999992370605
4.15999992370605
4.11999992370605
4.09593742370605
4.10374992370605
4.07999992370605
4.05593742370606
4.08781242370605
4.12781242370605
4.11187492370605
4.19187492370605
4.28781242370605
4.33593742370605
4.47187492370605
4.55999992370606
4.68781242370605
4.75187492370605
4.96781242370605
5.07187492370606
5.26374992370605
5.40781242370606
5.53593742370605
5.65593742370605
5.82374992370606
5.95999992370605
6.07999992370605
6.21593742370605
6.34374992370605
6.51999992370605
6.71999992370605
6.88781242370605
7.00781242370605
7.17593742370605
7.31999992370605
7.46374992370605
7.61593742370605
7.77593742370606
7.91999992370605
8.10374992370605
8.20781242370606
8.36781242370605
8.46374992370605
8.61593742370605
8.71187492370606
8.82374992370606
8.93593742370605
8.99999992370605
9.11999992370605
9.12781242370605
9.19999992370606
9.27999992370605
9.27999992370605
9.26374992370605
9.24781242370605
9.29593742370605
9.27187492370605
9.31187492370606
9.27187492370605
9.26374992370605
9.29593742370605
9.23187492370606
9.19999992370606
9.22374992370606
9.17593742370605
9.11999992370605
9.00781242370605
8.97593742370606
8.91187492370605
8.85593742370605
8.74374992370606
8.58374992370605
8.40781242370606
8.21593742370606
7.95999992370605
7.63999992370606
7.38374992370605
7.19999992370605
7.02374992370605
6.88781242370605
6.71187492370605
6.59999992370605
6.37593742370605
6.25593742370605
6.01593742370605
5.85593742370605
5.72781242370605
5.59187492370605
5.42374992370605
5.27187492370605
5.12781242370605
5.07187492370606
4.89593742370606
4.69593742370605
4.71187492370605
4.58374992370605
4.48781242370606
4.39187492370606
4.31187492370606
4.23999992370605
4.17593742370605
4.14374992370605
4.11999992370605
4.07999992370605
4.07187492370606
4.04781242370605
4.03999992370605
4.13593742370605
4.14374992370605
4.18374992370605
4.29593742370605
4.34374992370605
4.45593742370605
4.58374992370605
4.68781242370605
4.83187492370605
4.91999992370605
5.08781242370605
5.25593742370605
5.41593742370605
5.57593742370605
5.73593742370606
5.84781242370605
5.90374992370606
6.07999992370605
6.23187492370606
6.40781242370606
6.56781242370606
6.69593742370605
6.85593742370606
7.00781242370605
7.18374992370605
7.31999992370605
7.47187492370605
7.63999992370606
7.77593742370606
7.95187492370605
8.07999992370605
8.22374992370606
8.38374992370606
8.47999992370606
8.65593742370605
8.71999992370606
8.79187492370605
8.91999992370605
9.07999992370605
9.05593742370606
9.14374992370606
9.15999992370605
9.24781242370605
9.27999992370605
9.26374992370605
9.23999992370605
9.30374992370605
9.29593742370605
9.29593742370605
9.23999992370605
9.25593742370605
9.27187492370605
9.23187492370606
9.20781242370606
9.15999992370605
9.13593742370606
9.07999992370605
9.03187492370605
8.98374992370606
8.94374992370605
8.79187492370605
8.69593742370605
8.56781242370606
8.40781242370606
8.20781242370606
7.95999992370605
7.75999992370605
7.39999992370606
7.19999992370605
7.02374992370605
6.89593742370606
6.71999992370605
6.53593742370605
6.43999992370606
6.25593742370605
6.02374992370605
5.91999992370605
5.75999992370605
5.61593742370605
5.44781242370605
5.30374992370605
5.13593742370605
5.03187492370605
4.90374992370606
4.77593742370605
4.64781242370606
4.54374992370605
4.47999992370606
4.34374992370605
4.29593742370605
4.23999992370605
4.15187492370606
4.11187492370605
4.06374992370606
4.07187492370606
4.06374992370606
4.02374992370605
4.07999992370605
4.09593742370605
4.14374992370605
4.18374992370605
4.31187492370606
4.34374992370605
4.45593742370605
4.59999992370605
4.67999992370605
4.75999992370605
4.93593742370605
5.09593742370605
5.22374992370605
5.37593742370605
5.58374992370605
5.70374992370605
5.83999992370605
5.92781242370605
6.06374992370605
6.24781242370605
6.39999992370606
6.54374992370605
6.68781242370605
6.83999992370605
7.02374992370605
7.16781242370605
7.29593742370605
7.55999992370606
7.63999992370606
7.80781242370605
7.87999992370605
8.10374992370605
8.25593742370605
8.36781242370605
8.47187492370606
8.56781242370606
8.71187492370606
8.80781242370606
8.92781242370605
9.03999992370606
9.10374992370605
9.16781242370605
9.19187492370605
9.21593742370606
9.26374992370605
9.31187492370606
9.29593742370605
9.31187492370606
9.31999992370605
9.28781242370605
9.28781242370605
9.28781242370605
9.26374992370605
9.19999992370606
9.19187492370605
9.19187492370605
9.11999992370605
9.07999992370605
9.00781242370605
8.98374992370606
8.91999992370605
8.85593742370605
8.67999992370605
8.60781242370605
8.41593742370605
8.27999992370605
7.96781242370605
7.67187492370605
7.39187492370605
7.21593742370605
7.02374992370605
6.89593742370606
6.72781242370605
6.61593742370605
6.39187492370605
6.22374992370605
6.05593742370605
5.91999992370605
5.78374992370605
5.59187492370605
5.44781242370605
5.30374992370605
5.18374992370605
5.01593742370605
4.93593742370605
4.74374992370606
4.67999992370605
4.55187492370605
4.39187492370606
4.39999992370606
4.30374992370605
4.23999992370605
4.17593742370605
4.15187492370606
4.05593742370606
4.04781242370605
4.03187492370605
4.04781242370605
4.07999992370605
4.11187492370605
4.19187492370605
4.17593742370605
4.27999992370605
4.31187492370606
4.46374992370605
4.53593742370605
4.61593742370605
4.81593742370606
4.89593742370606
5.11187492370605
5.20781242370605
5.33593742370605
5.54374992370605
5.71999992370605
5.79999992370605
5.93593742370605
6.04781242370605
6.19999992370605
6.35999992370605
6.47999992370606
6.71999992370605
6.87187492370605
7.00781242370605
7.13593742370605
7.28781242370605
7.48781242370606
7.60781242370605
7.74374992370606
7.90374992370606
8.07999992370605
8.23999992370605
8.31187492370606
8.47187492370606
8.59187492370605
8.70374992370605
8.79187492370605
8.90374992370606
9.02374992370605
9.08781242370605
9.11999992370605
9.19999992370606
9.23187492370606
9.27999992370605
9.26374992370605
9.29593742370605
9.32781242370605
9.31187492370606
9.26374992370605
9.31187492370606
9.25593742370605
9.27187492370605
9.23187492370606
9.19187492370605
9.20781242370606
9.15187492370606
9.08781242370605
9.07999992370605
8.93593742370605
8.91999992370605
8.82374992370606
8.71187492370606
8.60781242370605
8.45593742370605
8.20781242370606
7.97593742370606
7.67187492370605
7.42374992370605
7.24781242370605
6.99187492370605
6.91999992370605
6.68781242370605
6.54374992370605
6.47187492370605
6.22374992370605
6.07999992370605
5.93593742370605
5.76781242370605
5.62374992370605
5.49593742370605
5.31999992370605
5.23999992370605
5.06374992370606
4.92781242370605
4.79187492370605
4.67187492370605
4.59999992370605
4.47999992370606
4.42374992370605
4.29593742370605
4.26374992370605
4.22374992370605
4.14374992370605
4.09593742370605
4.03999992370605
4.00781242370605
4.10374992370605
4.08781242370605
4.13593742370605
4.19999992370605
4.20781242370605
4.25593742370605
4.39187492370606
4.46374992370605
4.56781242370606
4.63999992370606
4.75187492370605
4.93593742370605
5.12781242370605
5.17593742370605
5.34374992370605
5.51187492370605
5.67999992370605
5.81593742370606
5.87187492370605
6.03999992370605
6.17593742370605
6.37593742370605
6.51187492370605
6.67999992370605
6.87999992370605
7.01593742370605
7.19187492370606
7.31187492370605
7.47187492370605
7.58374992370605
7.77593742370606
7.95187492370605
8.07999992370605
8.19999992370606
8.36781242370605
8.44781242370605
8.59999992370605
8.71187492370606
8.80781242370606
8.91999992370605
8.99187492370605
9.13593742370606
9.12781242370605
9.15999992370605
9.23187492370606
9.27187492370605
9.26374992370605
9.25593742370605
9.33593742370605
9.33593742370605
9.31999992370605
9.34374992370605
9.27999992370605
9.24781242370605
9.22374992370606
9.23187492370606
9.15187492370606
9.10374992370605
9.08781242370605
9.00781242370605
8.99999992370605
8.89593742370606
8.83999992370605
8.73593742370606
8.61593742370605
8.43187492370605
8.28781242370605
7.99187492370605
7.76781242370605
7.42374992370605
7.20781242370605
7.03999992370605
6.91187492370605
6.72781242370605
6.56781242370606
6.36781242370605
6.23999992370605
6.03187492370605
5.90374992370606
5.74374992370606
5.61593742370605
5.46374992370605
5.29593742370605
5.14374992370605
5.03999992370605
4.88781242370605
4.78374992370605
4.66374992370605
4.54374992370605
4.47999992370606
4.36781242370605
4.32781242370605
4.26374992370605
4.19999992370605
4.14374992370605
4.07187492370606
4.08781242370605
4.08781242370605
4.06374992370606
4.06374992370606
4.08781242370605
4.13593742370605
4.15999992370605
4.25593742370605
4.28781242370605
4.39999992370606
4.55187492370605
4.59999992370605
4.82374992370606
4.91187492370605
5.08781242370605
5.20781242370605
5.36781242370605
5.50374992370605
5.67999992370605
5.79187492370605
5.94374992370605
6.03187492370605
6.20781242370605
6.35999992370605
6.55187492370605
6.68781242370605
6.83187492370605
6.99187492370605
7.16781242370605
7.32781242370605
7.46374992370605
7.61593742370605
7.77593742370606
7.90374992370606
8.03187492370605
8.19999992370606
8.34374992370605
8.43999992370605
8.58374992370605
8.72781242370606
8.79999992370606
8.92781242370605
8.98374992370606
9.01593742370605
9.10374992370605
9.16781242370605
9.27999992370605
9.25593742370605
9.31187492370606
9.27999992370605
9.32781242370605
9.31187492370606
9.26374992370605
9.26374992370605
9.27187492370605
9.26374992370605
9.23187492370606
9.23187492370606
9.13593742370606
9.11187492370605
9.09593742370605
9.02374992370605
8.99187492370605
8.91187492370605
8.79999992370606
8.74374992370606
8.59999992370605
8.44781242370605
8.24781242370605
8.06374992370606
7.71999992370605
7.49593742370605
7.24781242370605
7.07999992370605
6.89593742370606
6.75187492370605
6.57593742370605
6.41593742370605
6.26374992370605
6.06374992370605
5.95999992370605
5.80781242370605
5.62374992370605
5.39999992370606
5.31999992370605
5.19999992370605
5.05593742370606
4.90374992370606
4.80781242370605
4.67187492370605
4.59999992370605
4.46374992370605
4.47999992370606
4.36781242370605
4.21593742370605
4.12781242370605
4.10374992370605
4.08781242370605
4.05593742370606
4.02374992370605
4.07187492370606
4.00781242370605
4.11187492370605
4.13593742370605
4.20781242370605
4.22374992370605
4.31999992370605
4.42374992370605
4.54374992370605
4.60781242370605
4.75187492370605
4.94374992370605
5.04781242370605
5.23187492370606
5.34374992370605
5.51187492370605
5.66374992370605
5.77593742370605
5.93593742370605
6.03187492370605
6.17593742370605
6.38374992370605
6.55187492370605
6.69593742370605
6.87187492370605
6.99999992370605
7.11999992370605
7.31187492370605
7.45593742370605
7.55999992370606
