-3.19218749284744
-2.99999999284744
-2.73624999284744
-2.56812499284744
-2.27999999284744
-2.07999999284744
-1.79218749284744
-1.50406249284744
-1.33624999284744
-1.02406249284744
-0.799999992847443
-0.528124992847443
-0.279999992847443
7.15255737970821E-09
0.280000007152557
0.551875007152557
0.807812507152557
1.05593750715256
1.37593750715256
1.62375000715256
1.86375000715256
2.07187500715256
2.28000000715256
2.54375000715256
2.69593750715256
2.95187500715256
3.16000000715256
3.28000000715256
3.49593750715256
3.60000000715256
3.71187500715256
3.83187500715256
3.93593750715256
4.00781250715256
4.05593750715256
4.09593750715256
4.09593750715256
4.15187500715256
4.12781250715256
4.11187500715256
4.09593750715256
4.01593750715256
3.96781250715256
3.91187500715256
3.79187500715256
3.70375000715256
3.59187500715256
3.44000000715256
3.29593750715256
3.16781250715256
2.97593750715256
2.77593750715256
2.55187500715256
2.34375000715256
2.10375000715256
1.87187500715256
1.56781250715256
1.25593750715256
0.935937507152557
0.631875007152557
0.311875007152557
-0.0162499928474426
-0.279999992847443
-0.544062492847443
-0.839999992847443
-1.03999999284744
-1.40812499284744
-1.57624999284744
-1.83218749284744
-2.12812499284744
-2.37624999284744
-2.59218749284744
-2.78406249284744
-3.02406249284744
-3.25624999284744
-3.42406249284744
-3.55999999284744
-3.70406249284744
-3.85624999284744
-4.07218749284744
-4.11999999284744
-4.25624999284744
-4.31999999284744
-4.39218749284744
-4.43218749284744
-4.45624999284744
-4.47999999284744
-4.48812499284744
-4.41624999284744
-4.39999999284744
-4.31218749284744
-4.27218749284744
-4.15999999284744
-4.03218749284744
-3.89624999284744
-3.75218749284744
-3.60812499284744
-3.39999999284744
-3.25624999284744
-2.99999999284744
-2.79999999284744
-2.58406249284744
-2.32812499284744
-1.99218749284744
-1.78406249284744
-1.55218749284744
-1.30406249284744
-1.08812499284744
-0.816249992847443
-0.504062492847443
-0.248124992847443
0.0237500071525574
0.247812507152557
0.503750007152557
0.807812507152557
1.08000000715256
1.30375000715256
1.58375000715256
1.84781250715256
2.12000000715256
2.29593750715256
2.48781250715256
2.76781250715256
2.93593750715256
3.15187500715256
3.30375000715256
3.47187500715256
3.60000000715256
3.65593750715256
3.84781250715256
3.92000000715256
3.98375000715256
4.08000000715256
4.08781250715256
4.10375000715256
4.12781250715256
4.13593750715256
4.15187500715256
4.09593750715256
4.02375000715256
3.97593750715256
3.94375000715256
3.85593750715256
3.74375000715256
3.57593750715256
3.48000000715256
3.27187500715256
3.12000000715256
3.03187500715256
2.79187500715256
2.59187500715256
2.34375000715256
2.15187500715256
1.87187500715256
1.55187500715256
1.23187500715256
0.983750007152557
0.640000007152557
0.231875007152557
0.0318750071525574
-0.288124992847443
-0.519999992847443
-0.799999992847443
-1.06406249284744
-1.35218749284744
-1.62406249284744
-1.84812499284744
-2.15999999284744
-2.34406249284744
-2.61624999284744
-2.82406249284744
-3.03218749284744
-3.15999999284744
-3.42406249284744
-3.59999999284744
-3.74406249284744
-3.83999999284744
-4.02406249284744
-4.11218749284744
-4.27999999284744
-4.34406249284744
-4.39218749284744
-4.45624999284744
-4.47999999284744
-4.51218749284744
-4.47218749284744
-4.45624999284744
-4.45624999284744
-4.34406249284744
-4.23999999284744
-4.17624999284744
-4.02406249284744
-3.90406249284744
-3.72812499284744
-3.53624999284744
-3.43218749284744
-3.21624999284744
-2.99218749284744
-2.79218749284744
-2.60812499284744
-2.27218749284744
-2.07999999284744
-1.83999999284744
-1.63999999284744
-1.35218749284744
-1.10406249284744
-0.808124992847443
-0.592187492847443
-0.256249992847443
-0.00812499284744261
0.271875007152557
0.567812507152557
0.735937507152557
1.02375000715256
1.32781250715256
1.58375000715256
1.83187500715256
2.06375000715256
2.28781250715256
2.48781250715256
2.69593750715256
2.90375000715256
3.12000000715256
3.27187500715256
3.45593750715256
3.54375000715256
3.72781250715256
3.81593750715256
3.94375000715256
4.00000000715256
4.02375000715256
4.08781250715256
4.11187500715256
4.15187500715256
4.17593750715256
4.13593750715256
4.08000000715256
4.09593750715256
4.00781250715256
3.93593750715256
3.77593750715256
3.68000000715256
3.58375000715256
3.45593750715256
3.32781250715256
3.12781250715256
3.04781250715256
2.79187500715256
2.58375000715256
2.38375000715256
2.15187500715256
1.88781250715256
1.60000000715256
1.28781250715256
0.951875007152557
0.631875007152557
0.271875007152557
-0.00812499284744261
-0.272187492847443
-0.519999992847443
-0.816249992847443
-1.02406249284744
-1.32812499284744
-1.59218749284744
-1.86406249284744
-2.05624999284744
-2.32812499284744
-2.59218749284744
-2.83999999284744
-3.00812499284744
-3.18406249284744
-3.39218749284744
-3.55218749284744
-3.73624999284744
-3.91999999284744
-4.01624999284744
-4.11218749284744
-4.27999999284744
-4.27218749284744
-4.38406249284744
-4.40812499284744
-4.40812499284744
-4.45624999284744
-4.50406249284744
-4.40812499284744
-4.37624999284744
-4.37624999284744
-4.28812499284744
-4.16812499284744
-4.07218749284744
-3.83999999284744
-3.79218749284744
-3.66406249284744
-3.44812499284744
-3.22406249284744
-3.00812499284744
-2.79218749284744
-2.58406249284744
-2.36812499284744
-2.07999999284744
-1.79218749284744
-1.59999999284744
-1.35218749284744
-1.11999999284744
-0.792187492847443
-0.559999992847443
-0.312187492847443
-0.0162499928474426
0.223750007152557
0.511875007152557
0.743750007152557
1.04000000715256
1.28000000715256
1.56781250715256
1.83187500715256
2.04781250715256
2.28781250715256
2.48000000715256
2.72781250715256
2.90375000715256
3.09593750715256
3.28781250715256
3.45593750715256
3.56781250715256
3.68781250715256
3.79187500715256
3.94375000715256
4.02375000715256
4.10375000715256
4.13593750715256
4.16000000715256
4.15187500715256
4.15187500715256
4.12781250715256
4.13593750715256
4.06375000715256
3.98375000715256
3.95187500715256
3.80781250715256
3.74375000715256
3.57593750715256
3.48000000715256
3.29593750715256
3.13593750715256
3.02375000715256
2.80781250715256
2.59187500715256
2.36000000715256
2.18375000715256
1.87187500715256
1.53593750715256
1.31187500715256
1.00000000715256
0.623750007152557
0.327812507152557
-0.00812499284744261
-0.192187492847443
-0.496249992847443
-0.776249992847443
-1.01624999284744
-1.31999999284744
-1.55999999284744
-1.81624999284744
-2.07218749284744
-2.33624999284744
-2.59218749284744
-2.76812499284744
-3.03218749284744
-3.17624999284744
-3.41624999284744
-3.55999999284744
-3.68812499284744
-3.87218749284744
-3.99999999284744
-4.12812499284744
-4.20812499284744
-4.30406249284744
-4.35999999284744
-4.43218749284744
-4.46406249284744
-4.50406249284744
-4.46406249284744
-4.43218749284744
-4.39999999284744
-4.35999999284744
-4.24812499284744
-4.18406249284744
-4.00812499284744
-3.95999999284744
-3.75999999284744
-3.59218749284744
-3.41624999284744
-3.17624999284744
-3.00812499284744
-2.82406249284744
-2.55218749284744
-2.35218749284744
-2.09624999284744
-1.87218749284744
-1.60812499284744
-1.39218749284744
-1.13624999284744
-0.848124992847443
-0.592187492847443
-0.312187492847443
-0.0481249928474426
0.287812507152557
0.447812507152557
0.775937507152557
1.00000000715256
1.32000000715256
1.53593750715256
1.77593750715256
2.07187500715256
2.32781250715256
2.48000000715256
2.68000000715256
2.91187500715256
3.12781250715256
3.23187500715256
3.40781250715256
3.61593750715256
3.68000000715256
3.83187500715256
3.92781250715256
4.02375000715256
4.01593750715256
4.06375000715256
4.18375000715256
4.17593750715256
4.09593750715256
4.11187500715256
4.08781250715256
4.02375000715256
3.97593750715256
3.90375000715256
3.80781250715256
3.72781250715256
3.60000000715256
3.45593750715256
3.32000000715256
3.18375000715256
3.01593750715256
2.80781250715256
2.56781250715256
2.41593750715256
2.15187500715256
1.94375000715256
1.57593750715256
1.27187500715256
0.991875007152558
0.655937507152557
0.335937507152557
0.0159375071525574
-0.224062492847443
-0.504062492847443
-0.808124992847443
-1.03999999284744
-1.31999999284744
-1.57624999284744
-1.79999999284744
-2.00812499284744
-2.27999999284744
-2.55218749284744
-2.79999999284744
-2.95999999284744
-3.19999999284744
-3.46406249284744
-3.53624999284744
-3.70406249284744
-3.83999999284744
-4.00812499284744
-4.15999999284744
-4.27218749284744
-4.30406249284744
-4.39218749284744
-4.43999999284744
-4.42406249284744
-4.47999999284744
-4.47218749284744
-4.43999999284744
-4.37624999284744
-4.32812499284744
-4.23999999284744
-4.17624999284744
-4.03218749284744
-3.96812499284744
-3.70406249284744
-3.61624999284744
-3.42406249284744
-3.19999999284744
-2.99218749284744
-2.85624999284744
-2.54406249284744
-2.34406249284744
-2.12812499284744
-1.83999999284744
-1.63999999284744
-1.39999999284744
-1.10406249284744
-0.839999992847443
-0.568124992847443
-0.304062492847443
-0.0721874928474426
0.255937507152557
0.480000007152557
0.727812507152557
1.04000000715256
1.26375000715256
1.54375000715256
1.80781250715256
2.04781250715256
2.26375000715256
2.52781250715256
2.72000000715256
2.92781250715256
3.07187500715256
3.24000000715256
3.43187500715256
3.59187500715256
3.66375000715256
3.83187500715256
3.90375000715256
3.96000000715256
4.04781250715256
4.10375000715256
4.14375000715256
4.15187500715256
4.13593750715256
4.16000000715256
4.13593750715256
4.04781250715256
3.97593750715256
3.89593750715256
3.85593750715256
3.77593750715256
3.61593750715256
3.49593750715256
3.38375000715256
3.20000000715256
3.02375000715256
2.83187500715256
2.60781250715256
2.44000000715256
2.16781250715256
1.90375000715256
1.63187500715256
1.36000000715256
0.975937507152557
0.680000007152557
0.367812507152557
0.0637500071525574
-0.239999992847443
-0.552187492847443
-0.808124992847443
-1.00812499284744
-1.31218749284744
-1.56812499284744
-1.81624999284744
-2.02406249284744
-2.34406249284744
-2.51999999284744
-2.75218749284744
-3.00812499284744
-3.17624999284744
-3.39218749284744
-3.54406249284744
-3.71999999284744
-3.82406249284744
-3.95999999284744
-4.14406249284744
-4.21624999284744
-4.31999999284744
-4.40812499284744
-4.39218749284744
-4.44812499284744
-4.46406249284744
-4.50406249284744
-4.42406249284744
-4.42406249284744
-4.30406249284744
-4.26406249284744
-4.22406249284744
-4.04812499284744
-3.95999999284744
-3.75218749284744
-3.55218749284744
-3.43999999284744
-3.23999999284744
-3.04812499284744
-2.81624999284744
-2.63218749284744
-2.35218749284744
-2.12812499284744
-1.90406249284744
-1.60812499284744
-1.37624999284744
-1.14406249284744
-0.832187492847443
-0.536249992847443
-0.344062492847443
-0.0721874928474426
0.191875007152557
0.495937507152557
0.711875007152557
1.04000000715256
1.30375000715256
1.49593750715256
1.72000000715256
2.03187500715256
2.26375000715256
2.52000000715256
2.65593750715256
2.93593750715256
3.06375000715256
3.25593750715256
3.40000000715256
3.53593750715256
3.68781250715256
3.83187500715256
3.92781250715256
3.97593750715256
4.00000000715256
4.11187500715256
4.12781250715256
4.14375000715256
4.14375000715256
4.12000000715256
4.08000000715256
4.00000000715256
4.04000000715256
3.96000000715256
3.81593750715256
3.74375000715256
3.63187500715256
3.45593750715256
3.36000000715256
3.18375000715256
3.00000000715256
2.84781250715256
2.62375000715256
2.39187500715256
2.17593750715256
1.96000000715256
1.63187500715256
1.32781250715256
1.01593750715256
0.663750007152557
0.367812507152557
0.0800000071525574
-0.199999992847443
-0.464062492847443
-0.728124992847443
-0.992187492847443
-1.29624999284744
-1.55218749284744
-1.74406249284744
-2.05624999284744
-2.31999999284744
-2.53624999284744
-2.75218749284744
-2.92812499284744
-3.17624999284744
-3.36812499284744
-3.49624999284744
-3.64812499284744
-3.86406249284744
-3.95999999284744
-4.07218749284744
-4.22406249284744
-4.27999999284744
-4.39999999284744
-4.38406249284744
-4.40812499284744
-4.43218749284744
-4.44812499284744
-4.45624999284744
-4.43999999284744
-4.32812499284744
-4.25624999284744
-4.13624999284744
-4.03999999284744
-3.91999999284744
-3.79999999284744
-3.63999999284744
-3.42406249284744
-3.23218749284744
-3.03999999284744
-2.77624999284744
-2.63218749284744
-2.35999999284744
-2.12812499284744
-1.91218749284744
-1.61624999284744
-1.39218749284744
-1.13624999284744
-0.904062492847443
-0.632187492847443
-0.328124992847443
-0.0881249928474426
0.183750007152557
0.471875007152557
0.775937507152557
1.00781250715256
1.23187500715256
1.55187500715256
1.76781250715256
1.99187500715256
2.23187500715256
2.47187500715256
2.69593750715256
2.83187500715256
3.08000000715256
3.25593750715256
3.46375000715256
3.54375000715256
3.66375000715256
3.79187500715256
3.90375000715256
3.99187500715256
4.04000000715256
4.04781250715256
4.12000000715256
4.15187500715256
4.15187500715256
4.12000000715256
4.12000000715256
4.09593750715256
3.94375000715256
3.94375000715256
3.78375000715256
3.71187500715256
3.58375000715256
3.47187500715256
3.35187500715256
3.20781250715256
3.00781250715256
2.88000000715256
2.67187500715256
2.42375000715256
2.18375000715256
2.00781250715256
1.64781250715256
1.40000000715256
1.04781250715256
0.735937507152557
0.400000007152557
0.103750007152557
-0.224062492847443
-0.496249992847443
-0.799999992847443
-0.984062492847443
-1.28812499284744
-1.55218749284744
-1.78406249284744
-2.02406249284744
-2.28812499284744
-2.51218749284744
-2.75999999284744
-2.97624999284744
-3.14406249284744
-3.37624999284744
-3.52812499284744
-3.69624999284744
-3.86406249284744
-4.03218749284744
-4.16812499284744
-4.20812499284744
-4.26406249284744
-4.35218749284744
-4.41624999284744
-4.51218749284744
-4.50406249284744
-4.47218749284744
-4.42406249284744
-4.42406249284744
-4.27999999284744
-4.32812499284744
-4.19218749284744
-4.07999999284744
-3.96812499284744
-3.76812499284744
-3.59999999284744
-3.47999999284744
-3.27218749284744
-3.07218749284744
-2.77624999284744
-2.63999999284744
-2.33624999284744
-2.10406249284744
-1.91218749284744
-1.66406249284744
-1.40812499284744
-1.10406249284744
-0.856249992847443
-0.624062492847443
-0.328124992847443
-0.0562499928474426
0.240000007152557
0.455937507152557
0.711875007152557
0.983750007152557
1.26375000715256
1.55187500715256
1.80000000715256
2.00781250715256
2.24000000715256
2.49593750715256
2.70375000715256
2.86375000715256
3.11187500715256
3.24000000715256
3.45593750715256
3.52781250715256
3.63187500715256
3.82375000715256
3.92000000715256
3.98375000715256
4.07187500715256
4.08781250715256
4.12781250715256
4.16000000715256
4.16781250715256
4.13593750715256
4.12000000715256
4.04781250715256
4.03187500715256
3.90375000715256
3.86375000715256
3.76000000715256
3.65593750715256
3.51187500715256
3.35187500715256
3.18375000715256
3.08781250715256
2.80781250715256
2.62375000715256
2.39187500715256
2.19187500715256
1.92781250715256
1.68781250715256
1.38375000715256
1.02375000715256
0.711875007152557
0.375937507152557
0.111875007152557
-0.144062492847443
-0.488124992847443
-0.712187492847443
-1.01624999284744
-1.29624999284744
-1.53624999284744
-1.76812499284744
-2.03999999284744
-2.25624999284744
-2.52812499284744
-2.79218749284744
-2.92812499284744
-3.15999999284744
-3.37624999284744
-3.51218749284744
-3.62406249284744
-3.81624999284744
-3.98406249284744
-4.11999999284744
-4.20812499284744
-4.27218749284744
-4.31999999284744
-4.42406249284744
-4.44812499284744
-4.40812499284744
-4.48812499284744
-4.46406249284744
-4.42406249284744
-4.31999999284744
-4.32812499284744
-4.19218749284744
-4.08812499284744
-3.95999999284744
-3.79999999284744
-3.62406249284744
-3.45624999284744
-3.21624999284744
-3.01624999284744
-2.85624999284744
-2.57624999284744
-2.37624999284744
-2.07218749284744
-1.90406249284744
-1.62406249284744
-1.45624999284744
-1.15218749284744
-0.896249992847443
-0.616249992847443
-0.376249992847443
-0.119999992847443
0.191875007152557
0.495937507152557
0.727812507152557
1.01593750715256
1.20000000715256
1.53593750715256
1.71187500715256
1.99187500715256
2.22375000715256
2.44000000715256
2.66375000715256
2.84000000715256
3.04000000715256
3.24000000715256
3.43187500715256
3.55187500715256
3.65593750715256
3.76781250715256
3.91187500715256
3.95187500715256
4.03187500715256
4.08781250715256
4.14375000715256
4.19187500715256
4.16781250715256
4.16781250715256
4.08781250715256
4.08000000715256
4.01593750715256
3.88781250715256
3.83187500715256
3.76781250715256
3.61593750715256
3.48781250715256
3.36781250715256
3.23187500715256
3.05593750715256
2.84781250715256
2.63187500715256
2.42375000715256
2.22375000715256
1.94375000715256
1.64781250715256
1.36781250715256
1.06375000715256
0.727812507152557
0.400000007152557
0.0800000071525574
-0.184062492847443
-0.464062492847443
-0.688124992847443
-1.01624999284744
-1.26406249284744
-1.47999999284744
-1.81624999284744
-2.01624999284744
-2.31218749284744
-2.49624999284744
-2.71999999284744
-2.91218749284744
-3.15999999284744
-3.33624999284744
-3.50406249284744
-3.71999999284744
-3.89624999284744
-3.98406249284744
-4.09624999284744
-4.17624999284744
-4.27999999284744
-4.32812499284744
-4.43999999284744
-4.45624999284744
-4.50406249284744
-4.48812499284744
-4.47999999284744
-4.38406249284744
-4.35218749284744
-4.29624999284744
-4.21624999284744
-4.08812499284744
-3.91999999284744
-3.77624999284744
-3.62406249284744
-3.47999999284744
-3.27218749284744
-3.06406249284744
-2.87218749284744
-2.58406249284744
-2.45624999284744
-2.10406249284744
-1.86406249284744
-1.68812499284744
-1.33624999284744
-1.19999999284744
-0.904062492847443
-0.624062492847443
-0.408124992847443
-0.0481249928474426
0.160000007152557
0.431875007152557
0.720000007152557
1.00000000715256
1.24000000715256
1.49593750715256
