72.3999961853027
71.5187461853027
70.7593711853027
69.4390586853027
68.5187461853027
67.3999961853027
66.0390586853027
64.5187461853027
62.8390586853027
61.0796836853027
59.3187461853027
57.0796836853027
55.6796836853027
53.2796836853027
51.2390586853027
49.3999961853027
47.1999961853027
45.1999961853027
43.0390586853027
41.1593711853027
38.9593711853027
36.9999961853027
35.1187461853027
33.0390586853027
31.1593711853027
29.9999961853027
27.7593711853027
26.3187461853027
24.8796836853027
23.6390586853027
22.1593711853027
21.5187461853027
20.4796836853027
19.4390586853027
18.5187461853027
18.0796836853027
17.6796836853027
16.8390586853027
16.6796836853027
16.2796836853027
15.7593711853027
15.2796836853027
15.2390586853027
15.1187461853027
14.7999961853027
15.1999961853027
14.7187461853027
14.9187461853027
14.8390586853027
15.3999961853027
15.3999961853027
16.0796836853027
16.8796836853027
17.7999961853027
19.5593711853027
21.5187461853027
24.9187461853027
28.6390586853027
31.9187461853027
34.4390586853027
36.3187461853027
38.1187461853027
39.7999961853027
41.7187461853027
43.4390586853027
45.6796836853027
47.1999961853027
49.2796836853027
51.3187461853027
53.3593711853027
54.9187461853027
57.0390586853027
58.9593711853027
60.5187461853027
62.4390586853027
64.1187461853027
65.5187461853027
66.8390586853027
68.3593711853027
69.3187461853027
70.5593711853027
71.7187461853027
72.5187461853027
73.1999961853027
73.9999961853027
74.5187461853027
74.9999961853027
75.2796836853027
75.5999961853027
75.6390586853027
75.7593711853027
75.3999961853027
75.3593711853027
75.2796836853027
74.6390586853027
74.5999961853027
73.8390586853027
73.3593711853027
72.2796836853027
71.6390586853027
70.8390586853027
69.6796836853027
68.8390586853027
67.4390586853027
66.1593711853027
64.8796836853027
62.9187461853027
61.1187461853027
58.9999961853027
57.5593711853027
55.5187461853027
53.3999961853027
51.3187461853027
49.2390586853027
47.3999961853027
45.3593711853027
43.0796836853027
41.3187461853027
39.2796836853027
37.2390586853027
35.3593711853027
33.1187461853027
31.3593711853027
29.4796836853027
28.1999961853027
26.3999961853027
24.9593711853027
23.3999961853027
22.3999961853027
21.2390586853027
20.3593711853027
19.3999961853027
18.8796836853027
17.8390586853027
17.5187461853027
16.9187461853027
16.5999961853027
16.2390586853027
15.7593711853027
15.5187461853027
15.0796836853027
14.8390586853027
14.8390586853027
14.7187461853027
14.8390586853027
14.7593711853027
15.1187461853027
14.9999961853027
15.3999961853027
15.9593711853027
16.7187461853027
17.8390586853027
19.3593711853027
21.2390586853027
24.7999961853027
28.3999961853027
31.5999961853027
34.3593711853027
36.1999961853027
37.7999961853027
39.7187461853027
41.5593711853027
43.3593711853027
45.2796836853027
47.4796836853027
49.2390586853027
51.2390586853027
53.0390586853027
54.9187461853027
56.7999961853027
58.7593711853027
60.5187461853027
62.2796836853027
63.9593711853027
65.6390586853027
66.9999961853027
68.0796836853027
69.4390586853027
70.5593711853027
71.5187461853027
72.5187461853027
73.6390586853027
74.0390586853027
74.5593711853027
74.8796836853027
75.2390586853027
75.6796836853027
75.3999961853027
75.7999961853027
75.6796836853027
75.6796836853027
75.3999961853027
74.9187461853027
74.2390586853027
73.8390586853027
73.3187461853027
72.4796836853027
71.6796836853027
70.8796836853027
70.0390586853027
68.7187461853027
67.7187461853027
66.4390586853027
64.7999961853027
63.0796836853027
61.3593711853027
59.5593711853027
57.6390586853027
55.3999961853027
53.6390586853027
51.8796836853027
49.6796836853027
47.6796836853027
45.3999961853027
43.5187461853027
41.3593711853027
39.4390586853027
37.5593711853027
35.2796836853027
33.4390586853027
31.6390586853027
29.8390586853027
28.0796836853027
26.4390586853027
24.7187461853027
23.6796836853027
22.3187461853027
21.3593711853027
20.3593711853027
19.4390586853027
18.7593711853027
17.9593711853027
17.6796836853027
17.0796836853027
16.5593711853027
16.0390586853027
15.7593711853027
15.2796836853027
15.1593711853027
14.9999961853027
14.8390586853027
14.9593711853027
14.9593711853027
14.9593711853027
14.9593711853027
14.9999961853027
15.6796836853027
16.1187461853027
16.7187461853027
17.4390586853027
19.3593711853027
21.3187461853027
24.4390586853027
28.3593711853027
31.3593711853027
34.5187461853027
35.7593711853027
37.7999961853027
39.5593711853027
41.5187461853027
43.5593711853027
44.9999961853027
47.2796836853027
49.2390586853027
51.0796836853027
53.3593711853027
54.9999961853027
56.6796836853027
58.7999961853027
60.3593711853027
62.3187461853027
63.7187461853027
65.3187461853027
66.7187461853027
68.2390586853027
69.4796836853027
70.3593711853027
71.6390586853027
72.5593711853027
73.4390586853027
74.2390586853027
74.3999961853027
74.7999961853027
75.1999961853027
75.6390586853027
75.5187461853027
75.3999961853027
75.5187461853027
75.4796836853027
74.7999961853027
75.0390586853027
74.4390586853027
73.8390586853027
73.2796836853027
72.5999961853027
71.4796836853027
70.7593711853027
69.7999961853027
68.6390586853027
67.6796836853027
66.2796836853027
64.8796836853027
63.1187461853027
61.2390586853027
59.3187461853027
57.5999961853027
55.6390586853027
53.6796836853027
51.5187461853027
49.5999961853027
47.3593711853027
45.5187461853027
43.3999961853027
41.3187461853027
39.1999961853027
37.5999961853027
35.4796836853027
33.5593711853027
31.7999961853027
29.6796836853027
28.1187461853027
26.6796836853027
24.9593711853027
23.7999961853027
22.5999961853027
21.5593711853027
20.3593711853027
19.6796836853027
18.8796836853027
18.0390586853027
17.3187461853027
17.0796836853027
16.5593711853027
16.1999961853027
15.7187461853027
15.5999961853027
15.2390586853027
15.1593711853027
14.9187461853027
14.9593711853027
14.6390586853027
14.9593711853027
15.2796836853027
15.5187461853027
15.6390586853027
15.9999961853027
16.5999961853027
17.5999961853027
18.8390586853027
21.3999961853027
24.4390586853027
28.3593711853027
31.3593711853027
34.3187461853027
36.0390586853027
37.6796836853027
39.4390586853027
41.2390586853027
43.2390586853027
45.2390586853027
47.3187461853027
48.9187461853027
50.9593711853027
53.0390586853027
54.8390586853027
56.7999961853027
58.5999961853027
60.3593711853027
62.1999961853027
63.5187461853027
65.1187461853027
66.7593711853027
67.9999961853027
69.3187461853027
70.3593711853027
71.3999961853027
72.6390586853027
73.4390586853027
73.9999961853027
74.3999961853027
75.0390586853027
75.2390586853027
75.7593711853027
75.7187461853027
76.0796836853027
75.4390586853027
75.4796836853027
75.1999961853027
74.9187461853027
74.3999961853027
73.8390586853027
73.1999961853027
72.6796836853027
71.7999961853027
70.8390586853027
69.9999961853027
68.7187461853027
67.6390586853027
66.4390586853027
64.9187461853027
63.2390586853027
61.4390586853027
59.3593711853027
57.4390586853027
55.8796836853027
53.6796836853027
51.6796836853027
49.7593711853027
47.5999961853027
45.4390586853027
43.5999961853027
41.7999961853027
39.3593711853027
37.2390586853027
35.6796836853027
33.4390586853027
31.4390586853027
29.8390586853027
28.3999961853027
26.4390586853027
25.3999961853027
23.7187461853027
22.5593711853027
21.4390586853027
20.5187461853027
19.3999961853027
18.8390586853027
17.9999961853027
17.4796836853027
17.0796836853027
16.7999961853027
16.2796836853027
15.9187461853027
15.6390586853027
15.1999961853027
15.0796836853027
14.9187461853027
14.7999961853027
14.7999961853027
15.0390586853027
14.9999961853027
15.1187461853027
15.5999961853027
16.0796836853027
16.7187461853027
17.7187461853027
18.9187461853027
21.1999961853027
24.2796836853027
28.0796836853027
31.1593711853027
33.8796836853027
36.0796836853027
37.5187461853027
39.4796836853027
41.1187461853027
42.8796836853027
44.9187461853027
46.9999961853027
48.9593711853027
50.9999961853027
52.8390586853027
54.7999961853027
56.6796836853027
58.3999961853027
60.3187461853027
62.0390586853027
63.6390586853027
65.1593711853027
66.8390586853027
68.3187461853027
69.3187461853027
70.2390586853027
71.2796836853027
72.3999961853027
73.1593711853027
73.9593711853027
74.4390586853027
74.7999961853027
75.3187461853027
75.4390586853027
75.6390586853027
75.6796836853027
75.3999961853027
75.3593711853027
75.2796836853027
74.5593711853027
74.2390586853027
74.0796836853027
73.2796836853027
72.2390586853027
71.9593711853027
70.9593711853027
69.9999961853027
68.9187461853027
67.9187461853027
66.4390586853027
64.9999961853027
63.1187461853027
61.4796836853027
59.6390586853027
58.0796836853027
55.7999961853027
53.8390586853027
51.9187461853027
49.7999961853027
47.6796836853027
45.5593711853027
43.5187461853027
41.7187461853027
39.1999961853027
37.5999961853027
35.5187461853027
33.6390586853027
31.5593711853027
29.8390586853027
28.4796836853027
26.7593711853027
25.0796836853027
23.7187461853027
22.5593711853027
21.4390586853027
20.6390586853027
19.6390586853027
18.9593711853027
18.2390586853027
17.6796836853027
17.1187461853027
16.7187461853027
15.9999961853027
15.6390586853027
15.3593711853027
15.1593711853027
15.3593711853027
14.9999961853027
14.8796836853027
14.8796836853027
14.6796836853027
14.7999961853027
15.1187461853027
15.5187461853027
15.8390586853027
16.6390586853027
17.5187461853027
18.9187461853027
21.0796836853027
24.2390586853027
28.0390586853027
31.3187461853027
33.8796836853027
35.7593711853027
37.4390586853027
39.3187461853027
41.1187461853027
43.1593711853027
44.9187461853027
46.9999961853027
49.1187461853027
50.9999961853027
52.9999961853027
54.8796836853027
56.5187461853027
58.3999961853027
60.2796836853027
61.9593711853027
63.4796836853027
65.3593711853027
66.6796836853027
68.2390586853027
69.3187461853027
70.1593711853027
71.3593711853027
72.3593711853027
73.1187461853027
74.0796836853027
74.5187461853027
74.7593711853027
75.0796836853027
75.6796836853027
75.8390586853027
75.7999961853027
75.6796836853027
75.4390586853027
74.9593711853027
74.9593711853027
74.4390586853027
73.7999961853027
73.4796836853027
72.7187461853027
71.8796836853027
70.8390586853027
69.8796836853027
68.8796836853027
67.6390586853027
66.5187461853027
65.3187461853027
63.1999961853027
61.4796836853027
59.6390586853027
57.9187461853027
55.7187461853027
54.0390586853027
51.9999961853027
49.8390586853027
47.7999961853027
45.7593711853027
43.7999961853027
41.4796836853027
39.4796836853027
37.4796836853027
35.5999961853027
33.7593711853027
31.4390586853027
30.1187461853027
28.4390586853027
26.7593711853027
25.1593711853027
23.8796836853027
22.6390586853027
21.5187461853027
20.3187461853027
19.5187461853027
18.7593711853027
18.0390586853027
17.6390586853027
17.1593711853027
16.7187461853027
16.3999961853027
15.8796836853027
15.4796836853027
14.9999961853027
15.1187461853027
14.8390586853027
14.8796836853027
14.6796836853027
14.8796836853027
14.8390586853027
15.1999961853027
15.6390586853027
15.9999961853027
16.5593711853027
17.7999961853027
18.9187461853027
21.1593711853027
23.9999961853027
27.9187461853027
31.0796836853027
33.7187461853027
35.7593711853027
37.4796836853027
39.1999961853027
40.9999961853027
43.1187461853027
44.9187461853027
46.7593711853027
49.1593711853027
50.8390586853027
52.7593711853027
54.4390586853027
56.4796836853027
58.4390586853027
59.9593711853027
62.0390586853027
63.8796836853027
65.2390586853027
66.5999961853027
68.1999961853027
69.0796836853027
70.4390586853027
71.5187461853027
72.2390586853027
73.0390586853027
73.8390586853027
74.8390586853027
74.9593711853027
75.4796836853027
75.5999961853027
75.3999961853027
75.4796836853027
75.5999961853027
75.5187461853027
75.4390586853027
74.7593711853027
74.4796836853027
73.9593711853027
73.4390586853027
72.8390586853027
71.9593711853027
70.7593711853027
69.9187461853027
68.9187461853027
67.9187461853027
66.6796836853027
64.9999961853027
63.3999961853027
61.7593711853027
59.8390586853027
57.7999961853027
55.9187461853027
53.7187461853027
51.6796836853027
49.8796836853027
47.6796836853027
45.7593711853027
43.8390586853027
41.5999961853027
39.7187461853027
37.6796836853027
35.7593711853027
33.7187461853027
31.9999961853027
30.0796836853027
28.3187461853027
27.0796836853027
25.1593711853027
23.9999961853027
22.6796836853027
21.5593711853027
20.5999961853027
19.6796836853027
18.7999961853027
18.1999961853027
17.4390586853027
17.1593711853027
16.6796836853027
16.2796836853027
15.9187461853027
15.5187461853027
15.1999961853027
15.0796836853027
14.9593711853027
14.9593711853027
14.8390586853027
14.8390586853027
14.9187461853027
14.9999961853027
15.5593711853027
15.7187461853027
16.9593711853027
17.3999961853027
18.9187461853027
20.9187461853027
23.9187461853027
27.5187461853027
31.1593711853027
33.9187461853027
35.9187461853027
37.3999961853027
39.2390586853027
40.9187461853027
43.0796836853027
44.8390586853027
46.8390586853027
48.7999961853027
50.8390586853027
52.6796836853027
54.8390586853027
56.5999961853027
58.3593711853027
59.9187461853027
62.1187461853027
63.5593711853027
65.1187461853027
66.4796836853027
68.2390586853027
69.1593711853027
70.4390586853027
71.4390586853027
72.1593711853027
72.9999961853027
74.1593711853027
74.4796836853027
74.9999961853027
75.3187461853027
75.7999961853027
75.6390586853027
75.5999961853027
75.6796836853027
75.6796836853027
75.3999961853027
75.1187461853027
74.5999961853027
73.9187461853027
73.6390586853027
72.6796836853027
71.7593711853027
70.9999961853027
69.8390586853027
68.8796836853027
67.9999961853027
66.5999961853027
65.0390586853027
63.5999961853027
61.5999961853027
59.9187461853027
58.0796836853027
55.9187461853027
54.1999961853027
52.1187461853027
49.9593711853027
47.8796836853027
45.7999961853027
43.9187461853027
41.7187461853027
39.7999961853027
37.7593711853027
35.6796836853027
33.8390586853027
31.7999961853027
30.1999961853027
28.5593711853027
26.6390586853027
25.3187461853027
23.9593711853027
22.7593711853027
21.6796836853027
20.6390586853027
19.7593711853027
18.8796836853027
18.1593711853027
17.6390586853027
16.9593711853027
16.5593711853027
16.3999961853027
15.9999961853027
15.6390586853027
15.0390586853027
15.1187461853027
14.9187461853027
14.8390586853027
14.8796836853027
14.7999961853027
14.9187461853027
15.1187461853027
15.2390586853027
16.0390586853027
16.5187461853027
17.4390586853027
18.7999961853027
20.5999961853027
23.7187461853027
27.1593711853027
30.8796836853027
33.5999961853027
35.5187461853027
37.3593711853027
39.3593711853027
40.8390586853027
42.9187461853027
44.8390586853027
46.9593711853027
48.7593711853027
50.4796836853027
52.7187461853027
54.4390586853027
56.3999961853027
58.1187461853027
59.7999961853027
61.5999961853027
63.4796836853027
65.0390586853027
66.5187461853027
67.8796836853027
68.9187461853027
70.3187461853027
71.1593711853027
72.4796836853027
73.0796836853027
73.8796836853027
74.1593711853027
75.0390586853027
75.1593711853027
75.3999961853027
75.6796836853027
75.5999961853027
75.5999961853027
75.3187461853027
75.0390586853027
74.8796836853027
74.5593711853027
74.1187461853027
73.5187461853027
72.8390586853027
71.7999961853027
70.9999961853027
69.8390586853027
69.1187461853027
67.9187461853027
66.4796836853027
65.0390586853027
63.5999961853027
61.7593711853027
59.8796836853027
57.9187461853027
56.1999961853027
54.3187461853027
52.0796836853027
50.1593711853027
48.0796836853027
45.7593711853027
43.9999961853027
41.7593711853027
39.8390586853027
37.8796836853027
35.8796836853027
33.9187461853027
31.9999961853027
30.0796836853027
28.5187461853027
27.0390586853027
25.2796836853027
23.9999961853027
22.7593711853027
21.7999961853027
20.7187461853027
19.7593711853027
18.9999961853027
18.2796836853027
17.6796836853027
17.3999961853027
16.6796836853027
16.4390586853027
15.7187461853027
15.6796836853027
15.3593711853027
14.8390586853027
14.8796836853027
14.9187461853027
14.7593711853027
14.5999961853027
14.8390586853027
14.9593711853027
15.3999961853027
15.8390586853027
16.5999961853027
17.6390586853027
18.7593711853027
20.7187461853027
23.6796836853027
27.2390586853027
30.7593711853027
33.5999961853027
35.5187461853027
37.3187461853027
38.9999961853027
40.8796836853027
42.7593711853027
44.7187461853027
46.7187461853027
48.5593711853027
50.5999961853027
52.5187461853027
54.3999961853027
56.3593711853027
58.2390586853027
59.8390586853027
61.5593711853027
63.4390586853027
64.7593711853027
66.3999961853027
67.9187461853027
68.8796836853027
70.2390586853027
71.6796836853027
72.2390586853027
72.7187461853027
73.6796836853027
74.5187461853027
74.7187461853027
75.2796836853027
75.5187461853027
75.4390586853027
75.7187461853027
75.6390586853027
75.4390586853027
74.9999961853027
75.0796836853027
74.4390586853027
73.8390586853027
73.5187461853027
72.5999961853027
71.9593711853027
70.9187461853027
69.9999961853027
69.0390586853027
68.1187461853027
66.8796836853027
65.4390586853027
63.4390586853027
61.7187461853027
59.9593711853027
58.3999961853027
56.0390586853027
54.2390586853027
52.3593711853027
50.2796836853027
48.0390586853027
46.1593711853027
43.8390586853027
41.9187461853027
