74.6390586853027
73.8390586853027
72.6390586853027
71.6390586853027
70.4390586853027
69.3593711853027
68.3187461853027
66.8390586853027
65.3999961853027
63.7999961853027
61.8390586853027
59.5593711853027
57.3187461853027
54.9593711853027
52.7999961853027
50.4390586853027
48.1999961853027
45.7187461853027
43.3593711853027
41.1593711853027
38.4390586853027
36.6390586853027
34.3187461853027
31.8796836853027
29.8390586853027
27.8390586853027
26.2390586853027
24.4390586853027
23.0796836853027
21.5187461853027
20.5187461853027
19.3999961853027
18.1593711853027
17.6796836853027
16.8390586853027
16.1187461853027
15.6390586853027
15.0390586853027
14.6796836853027
14.0796836853027
13.6390586853027
13.8796836853027
13.5593711853027
13.0796836853027
12.9593711853027
12.9187461853027
12.6796836853027
12.6390586853027
12.5593711853027
12.6390586853027
12.6390586853027
12.9999961853027
13.2796836853027
13.5187461853027
14.3187461853027
15.0390586853027
15.9593711853027
17.8796836853027
21.0796836853027
26.6390586853027
34.0796836853027
39.3999961853027
42.3999961853027
43.8796836853027
45.3593711853027
46.8390586853027
48.6390586853027
50.8390586853027
52.8796836853027
55.0796836853027
57.0390586853027
58.9593711853027
60.9593711853027
62.9593711853027
64.7999961853027
66.5593711853027
67.9187461853027
69.6796836853027
70.8796836853027
72.3999961853027
73.3593711853027
74.7999961853027
75.5187461853027
76.1999961853027
76.6796836853027
77.2796836853027
77.9593711853027
78.1593711853027
78.2796836853027
78.0390586853027
77.9187461853027
78.1187461853027
77.4796836853027
77.5999961853027
76.9187461853027
76.5999961853027
75.7187461853027
75.1999961853027
74.4796836853027
73.7999961853027
72.6390586853027
71.5593711853027
70.6390586853027
69.3999961853027
68.3999961853027
66.9187461853027
65.5999961853027
63.9593711853027
61.8390586853027
59.5593711853027
57.1593711853027
54.9593711853027
52.6390586853027
50.4390586853027
48.2796836853027
45.9593711853027
43.3187461853027
41.1187461853027
38.7187461853027
36.2390586853027
34.4796836853027
32.2390586853027
29.8796836853027
28.0390586853027
26.0390586853027
24.3593711853027
22.9187461853027
21.5593711853027
20.3187461853027
19.2390586853027
18.1593711853027
17.3999961853027
16.8796836853027
15.9999961853027
15.6796836853027
15.2390586853027
14.7593711853027
14.3999961853027
13.9593711853027
13.6796836853027
13.5187461853027
12.8796836853027
13.0390586853027
12.6390586853027
12.5593711853027
12.5999961853027
12.5187461853027
12.5593711853027
12.8796836853027
13.1187461853027
13.3187461853027
13.6796836853027
14.0390586853027
14.8390586853027
15.8390586853027
17.4390586853027
20.8390586853027
26.5593711853027
33.6390586853027
39.3593711853027
41.9187461853027
43.8796836853027
45.2796836853027
46.9593711853027
48.9187461853027
50.7999961853027
52.8390586853027
54.9593711853027
56.7593711853027
59.1593711853027
60.9593711853027
62.8796836853027
64.7187461853027
66.3999961853027
68.2796836853027
69.3593711853027
70.7593711853027
72.2796836853027
73.5999961853027
74.4796836853027
75.5593711853027
76.2390586853027
76.6796836853027
77.5593711853027
77.8796836853027
78.0390586853027
78.1187461853027
77.9999961853027
78.3187461853027
77.8796836853027
77.5999961853027
77.3593711853027
77.2796836853027
76.7593711853027
76.1593711853027
75.4390586853027
74.8796836853027
73.9999961853027
72.6390586853027
71.6390586853027
70.6390586853027
69.6390586853027
68.3593711853027
67.2390586853027
65.4390586853027
64.0796836853027
61.9593711853027
59.8390586853027
57.3999961853027
55.3187461853027
52.8796836853027
50.5187461853027
48.3593711853027
45.8796836853027
43.5187461853027
41.3187461853027
38.6390586853027
36.3187461853027
33.9999961853027
32.2796836853027
29.9187461853027
28.3187461853027
26.1999961853027
24.4390586853027
23.0390586853027
21.4796836853027
20.3999961853027
19.2390586853027
18.4390586853027
17.5593711853027
16.9593711853027
16.1999961853027
15.5593711853027
15.0796836853027
14.7999961853027
14.1999961853027
13.9999961853027
13.4390586853027
13.4390586853027
12.9999961853027
12.6390586853027
12.6796836853027
12.5593711853027
12.3999961853027
12.4796836853027
12.5999961853027
12.5187461853027
12.8796836853027
13.3593711853027
13.6390586853027
14.1187461853027
14.8796836853027
15.8796836853027
17.3187461853027
20.5187461853027
26.1593711853027
33.1999961853027
38.9999961853027
42.1999961853027
43.7187461853027
45.2390586853027
46.9999961853027
48.8390586853027
50.4390586853027
52.6796836853027
54.9593711853027
56.9187461853027
58.7593711853027
60.8390586853027
62.6796836853027
64.5593711853027
66.2390586853027
68.1187461853027
69.7593711853027
70.7999961853027
72.3187461853027
73.2796836853027
74.4796836853027
75.4796836853027
76.0796836853027
77.2796836853027
77.5593711853027
77.8390586853027
78.1187461853027
78.1593711853027
78.3593711853027
78.3999961853027
77.8390586853027
77.5999961853027
77.3999961853027
77.1187461853027
76.5593711853027
75.9999961853027
75.6390586853027
74.7187461853027
73.9187461853027
72.9999961853027
71.7187461853027
70.8390586853027
69.5593711853027
68.3593711853027
66.9593711853027
65.2796836853027
64.0796836853027
62.1593711853027
59.7593711853027
57.6390586853027
55.3187461853027
53.0796836853027
50.5999961853027
48.3593711853027
46.1593711853027
43.4796836853027
41.3187461853027
39.2390586853027
36.7187461853027
34.5593711853027
32.3187461853027
30.1999961853027
28.2390586853027
26.2390586853027
24.4390586853027
22.9187461853027
21.4390586853027
20.3187461853027
19.1999961853027
18.3999961853027
17.5593711853027
16.8796836853027
16.2796836853027
15.6796836853027
15.0390586853027
14.6390586853027
14.1999961853027
13.9593711853027
13.5187461853027
13.3593711853027
13.1187461853027
12.7999961853027
12.9187461853027
12.4796836853027
12.4796836853027
12.4796836853027
12.7999961853027
12.7593711853027
12.7999961853027
13.1187461853027
13.5999961853027
13.8796836853027
14.7593711853027
15.9187461853027
17.7187461853027
20.3999961853027
25.8796836853027
33.4390586853027
38.9593711853027
41.9999961853027
43.6390586853027
45.2390586853027
46.7999961853027
48.7593711853027
50.6796836853027
52.7593711853027
54.6390586853027
56.6390586853027
58.8390586853027
60.9187461853027
62.7593711853027
64.6796836853027
66.3187461853027
68.0796836853027
69.4796836853027
70.7187461853027
72.1187461853027
73.4390586853027
74.5999961853027
75.4796836853027
76.2796836853027
77.0390586853027
77.3593711853027
78.1187461853027
77.9593711853027
78.1593711853027
78.3187461853027
77.9593711853027
77.9187461853027
77.8390586853027
77.1593711853027
76.9999961853027
76.6796836853027
75.8796836853027
75.5999961853027
74.7999961853027
73.9593711853027
72.7187461853027
71.6796836853027
70.8390586853027
69.5593711853027
68.5187461853027
66.9593711853027
65.8390586853027
64.0796836853027
62.1999961853027
59.8796836853027
57.5593711853027
55.6390586853027
52.9999961853027
50.7999961853027
48.5187461853027
45.9999961853027
43.6390586853027
41.3187461853027
39.1999961853027
36.7999961853027
34.4796836853027
32.2390586853027
30.1999961853027
28.4390586853027
26.0796836853027
24.5999961853027
23.1187461853027
21.7999961853027
20.5187461853027
19.3999961853027
18.5187461853027
17.6796836853027
16.7593711853027
16.4796836853027
15.5999961853027
15.0390586853027
14.7187461853027
14.4796836853027
14.4390586853027
13.7999961853027
13.5593711853027
13.2390586853027
13.0390586853027
12.9187461853027
12.6796836853027
12.7593711853027
12.4390586853027
12.6390586853027
12.7187461853027
12.6796836853027
12.9999961853027
13.5593711853027
14.0390586853027
14.8796836853027
15.9593711853027
17.4796836853027
20.3999961853027
25.7187461853027
32.8390586853027
38.6390586853027
41.8390586853027
43.6390586853027
44.9187461853027
46.7999961853027
48.5593711853027
50.4796836853027
52.6796836853027
54.7593711853027
56.6390586853027
58.7999961853027
60.8390586853027
62.6796836853027
64.3187461853027
66.1999961853027
67.7999961853027
69.2390586853027
70.6796836853027
71.9999961853027
73.2390586853027
74.4390586853027
75.3593711853027
76.2390586853027
76.8390586853027
77.3999961853027
77.7187461853027
78.0796836853027
77.9187461853027
78.0796836853027
78.2390586853027
77.9187461853027
77.5187461853027
77.3999961853027
77.0390586853027
76.7999961853027
76.0796836853027
75.4390586853027
74.7593711853027
73.8796836853027
72.8390586853027
71.9593711853027
70.5593711853027
69.7593711853027
68.4390586853027
67.1999961853027
65.7187461853027
64.2390586853027
62.3187461853027
59.9187461853027
57.5999961853027
55.7593711853027
53.2390586853027
50.8390586853027
48.5187461853027
46.2390586853027
43.8796836853027
41.3187461853027
38.9593711853027
36.9187461853027
34.4390586853027
32.2796836853027
30.1593711853027
28.4390586853027
26.3187461853027
24.5593711853027
23.1593711853027
21.9187461853027
20.8796836853027
19.5593711853027
18.4390586853027
17.5999961853027
17.0390586853027
16.1999961853027
15.5187461853027
15.1999961853027
14.5999961853027
14.3999961853027
14.1187461853027
13.5593711853027
13.3999961853027
13.3999961853027
13.0796836853027
12.6796836853027
12.7593711853027
12.7593711853027
12.5999961853027
12.5593711853027
12.8390586853027
12.5187461853027
13.3593711853027
13.3593711853027
13.9999961853027
14.7593711853027
15.8796836853027
17.2796836853027
19.9187461853027
25.5187461853027
32.4796836853027
38.4390586853027
41.7187461853027
43.5187461853027
44.9187461853027
46.7593711853027
48.6796836853027
50.4796836853027
52.3593711853027
54.7187461853027
56.6390586853027
58.5999961853027
60.6796836853027
62.5593711853027
64.4390586853027
66.0390586853027
67.8796836853027
69.3187461853027
70.7593711853027
72.0390586853027
73.3187461853027
74.4390586853027
75.4390586853027
75.9187461853027
76.9187461853027
77.2796836853027
77.5999961853027
78.0390586853027
78.2390586853027
78.1187461853027
78.3593711853027
77.8390586853027
77.9593711853027
77.2796836853027
77.1593711853027
76.5187461853027
76.0796836853027
75.5593711853027
74.7187461853027
73.7999961853027
72.9187461853027
71.9999961853027
70.7593711853027
69.6390586853027
68.4390586853027
67.3593711853027
65.7999961853027
64.1187461853027
62.3187461853027
60.2390586853027
57.5999961853027
55.3593711853027
53.1999961853027
50.7593711853027
48.5593711853027
46.1593711853027
43.8390586853027
41.5187461853027
39.4390586853027
36.9999961853027
34.6796836853027
32.3999961853027
30.3187461853027
28.3187461853027
26.3593711853027
24.7187461853027
23.1593711853027
21.8390586853027
20.5187461853027
19.3999961853027
18.5999961853027
17.5593711853027
16.7999961853027
16.1187461853027
15.4796836853027
15.3187461853027
14.5999961853027
14.3999961853027
13.8390586853027
13.6390586853027
13.2390586853027
13.1999961853027
12.7999961853027
12.9187461853027
12.8390586853027
12.5999961853027
12.5999961853027
12.5187461853027
12.7187461853027
13.0796836853027
12.9593711853027
13.4390586853027
13.9187461853027
14.5187461853027
15.7187461853027
17.3187461853027
19.9187461853027
25.2796836853027
32.4390586853027
38.3187461853027
41.6390586853027
43.5999961853027
44.8390586853027
46.7187461853027
48.6390586853027
50.3187461853027
52.3593711853027
54.3593711853027
56.5187461853027
58.3187461853027
60.5999961853027
62.4796836853027
64.1999961853027
66.1593711853027
67.6796836853027
69.2796836853027
70.3593711853027
71.9187461853027
73.3187461853027
74.4390586853027
75.2796836853027
76.1593711853027
76.9999961853027
77.3999961853027
77.6796836853027
78.0390586853027
78.1593711853027
78.1187461853027
77.9187461853027
77.9187461853027
77.5999961853027
77.5593711853027
77.1593711853027
76.9187461853027
76.1593711853027
75.5187461853027
74.7999961853027
74.0390586853027
72.8796836853027
71.9593711853027
70.6390586853027
69.8390586853027
68.6390586853027
67.2796836853027
66.0796836853027
64.5187461853027
62.4796836853027
60.3593711853027
57.7187461853027
55.6390586853027
53.5593711853027
51.0796836853027
48.8796836853027
46.5593711853027
44.0796836853027
41.3999961853027
39.3593711853027
36.9593711853027
34.8796836853027
32.7999961853027
30.5593711853027
28.5187461853027
26.4390586853027
24.8796836853027
23.3999961853027
21.8796836853027
20.6796836853027
19.5999961853027
18.7187461853027
17.5999961853027
16.8390586853027
16.5593711853027
15.7593711853027
15.1593711853027
14.8796836853027
14.5187461853027
13.8390586853027
13.7999961853027
13.3593711853027
13.1187461853027
13.0796836853027
12.9999961853027
12.7999961853027
12.4796836853027
12.7187461853027
12.6796836853027
12.8796836853027
12.9999961853027
12.9593711853027
13.4796836853027
13.8796836853027
14.5593711853027
15.5593711853027
17.3593711853027
19.9187461853027
25.1999961853027
31.9187461853027
37.9593711853027
41.4796836853027
43.5187461853027
44.9187461853027
46.5593711853027
48.1187461853027
50.1593711853027
52.3999961853027
54.3593711853027
56.3999961853027
58.5187461853027
60.5187461853027
62.2390586853027
64.2390586853027
66.0390586853027
67.7999961853027
69.2796836853027
70.9593711853027
71.8390586853027
73.1187461853027
74.2796836853027
75.2796836853027
76.0390586853027
76.6796836853027
77.2390586853027
77.7593711853027
78.0796836853027
78.1999961853027
77.9187461853027
78.1999961853027
78.0796836853027
77.7999961853027
77.6796836853027
77.1187461853027
76.9999961853027
76.0796836853027
75.4796836853027
74.6796836853027
73.9999961853027
72.9187461853027
72.0390586853027
70.8796836853027
69.7999961853027
68.8796836853027
67.4796836853027
65.9999961853027
64.5593711853027
62.6390586853027
60.3187461853027
57.8796836853027
55.7999961853027
53.6390586853027
51.0390586853027
48.8390586853027
46.5187461853027
44.1187461853027
41.6390586853027
39.1999961853027
37.0796836853027
34.9593711853027
32.5999961853027
30.6390586853027
28.7999961853027
26.5593711853027
24.6796836853027
23.1999961853027
21.8796836853027
20.7187461853027
19.3999961853027
18.6390586853027
17.7999961853027
16.9999961853027
16.5999961853027
15.9593711853027
15.1999961853027
14.5593711853027
14.5187461853027
13.9593711853027
13.7999961853027
13.5187461853027
13.2390586853027
13.1593711853027
12.8390586853027
12.6796836853027
12.4796836853027
12.5593711853027
12.3593711853027
12.6796836853027
12.5593711853027
13.2796836853027
13.4390586853027
13.9593711853027
14.5187461853027
15.7593711853027
17.0390586853027
19.7999961853027
24.6390586853027
31.7999961853027
38.1593711853027
41.5999961853027
43.4796836853027
44.9593711853027
46.6796836853027
48.2390586853027
50.4796836853027
52.3187461853027
54.4390586853027
56.2390586853027
58.6390586853027
60.5593711853027
62.2390586853027
64.1187461853027
65.8796836853027
67.7187461853027
69.1593711853027
70.4390586853027
71.9999961853027
73.2390586853027
74.3999961853027
75.2796836853027
76.1187461853027
77.0390586853027
77.6796836853027
77.9593711853027
78.0796836853027
78.0390586853027
77.8390586853027
78.3593711853027
77.8390586853027
77.7187461853027
77.6390586853027
77.1593711853027
76.9593711853027
76.2796836853027
75.6390586853027
74.9999961853027
73.8390586853027
73.0796836853027
72.2390586853027
70.7593711853027
69.7999961853027
68.6390586853027
67.5187461853027
66.1999961853027
64.4390586853027
62.6390586853027
60.5999961853027
58.1593711853027
55.7999961853027
53.5593711853027
51.1593711853027
49.0390586853027
46.5999961853027
44.1999961853027
41.7593711853027
39.2390586853027
37.0796836853027
35.0390586853027
32.7187461853027
30.7593711853027
28.6796836853027
26.6390586853027
24.8390586853027
23.3999961853027
21.8796836853027
20.7187461853027
19.5187461853027
18.5593711853027
17.6390586853027
17.1187461853027
16.6796836853027
16.1593711853027
15.4796836853027
14.7593711853027
14.6390586853027
13.9593711853027
13.5999961853027
13.3593711853027
13.0796836853027
13.0390586853027
12.9187461853027
12.5999961853027
12.6390586853027
12.5187461853027
12.7593711853027
12.4796836853027
12.9593711853027
12.9593711853027
13.4796836853027
13.7593711853027
14.5593711853027
15.4390586853027
17.1187461853027
19.3187461853027
24.4390586853027
31.7187461853027
37.7593711853027
41.5999961853027
43.2796836853027
44.6796836853027
46.5593711853027
48.2796836853027
50.3999961853027
52.1593711853027
54.3187461853027
56.2390586853027
58.3593711853027
60.1593711853027
62.1593711853027
64.0390586853027
65.6796836853027
67.3593711853027
69.0796836853027
70.6390586853027
71.8796836853027
73.1187461853027
74.3187461853027
75.2796836853027
76.1999961853027
76.7999961853027
77.2390586853027
77.9187461853027
77.8796836853027
78.1187461853027
78.1593711853027
78.2390586853027
78.0390586853027
77.8390586853027
77.7593711853027
77.2390586853027
76.6796836853027
76.1187461853027
75.3999961853027
75.0796836853027
73.8390586853027
73.1187461853027
72.0796836853027
70.7593711853027
70.0390586853027
68.7999961853027
67.4390586853027
66.0390586853027
64.4796836853027
62.5999961853027
60.5187461853027
57.9593711853027
55.9999961853027
53.7999961853027
51.1187461853027
48.9593711853027
46.6796836853027
44.2796836853027
41.6796836853027
