-3.55218749284744
-3.34406249284744
-3.07999999284744
-2.81624999284744
-2.56812499284744
-2.26406249284744
-1.97624999284744
-1.67218749284744
-1.39999999284744
-1.03999999284744
-0.839999992847443
-0.616249992847443
-0.288124992847443
0.0637500071525574
0.335937507152557
0.607812507152557
0.887812507152557
1.20000000715256
1.55187500715256
1.76000000715256
2.08000000715256
2.34375000715256
2.60000000715256
2.79187500715256
3.08781250715256
3.28781250715256
3.49593750715256
3.71187500715256
3.87187500715256
4.00000000715256
4.16781250715256
4.25593750715256
4.37593750715256
4.46375000715256
4.56000000715256
4.58375000715256
4.59187500715256
4.62375000715256
4.64000000715256
4.60000000715256
4.52000000715256
4.51187500715256
4.44781250715256
4.36000000715256
4.27187500715256
4.15187500715256
4.02375000715256
3.87187500715256
3.76000000715256
3.60000000715256
3.40781250715256
3.16781250715256
2.98375000715256
2.71187500715256
2.50375000715256
2.25593750715256
1.99187500715256
1.65593750715256
1.36000000715256
0.967812507152557
0.607812507152557
0.135937507152557
-0.272187492847443
-0.679999992847443
-0.984062492847443
-1.29624999284744
-1.54406249284744
-1.83999999284744
-2.15999999284744
-2.43999999284744
-2.71218749284744
-2.95218749284744
-3.19999999284744
-3.44812499284744
-3.62406249284744
-3.87999999284744
-4.04812499284744
-4.22406249284744
-4.38406249284744
-4.53624999284744
-4.61624999284744
-4.77624999284744
-4.87999999284744
-4.91999999284744
-4.99218749284744
-5.01624999284744
-4.99218749284744
-5.03218749284744
-4.99999999284744
-4.99999999284744
-4.91218749284744
-4.82406249284744
-4.69624999284744
-4.57624999284744
-4.42406249284744
-4.27218749284744
-4.03218749284744
-3.84812499284744
-3.57624999284744
-3.34406249284744
-3.07218749284744
-2.83218749284744
-2.54406249284744
-2.26406249284744
-1.94406249284744
-1.66406249284744
-1.35999999284744
-1.10406249284744
-0.824062492847443
-0.568124992847443
-0.296249992847443
0.0400000071525574
0.311875007152557
0.615937507152557
0.895937507152557
1.19187500715256
1.52000000715256
1.79187500715256
2.04781250715256
2.29593750715256
2.57593750715256
2.82375000715256
3.05593750715256
3.29593750715256
3.48781250715256
3.66375000715256
3.84000000715256
4.05593750715256
4.16000000715256
4.26375000715256
4.40781250715256
4.48781250715256
4.56781250715256
4.62375000715256
4.59187500715256
4.60000000715256
4.65593750715256
4.59187500715256
4.57593750715256
4.52000000715256
4.44000000715256
4.37593750715256
4.26375000715256
4.18375000715256
3.98375000715256
3.91187500715256
3.77593750715256
3.55187500715256
3.37593750715256
3.19187500715256
2.99187500715256
2.77593750715256
2.50375000715256
2.24000000715256
2.02375000715256
1.71187500715256
1.40000000715256
1.00000000715256
0.535937507152557
0.215937507152557
-0.256249992847443
-0.719999992847443
-0.968124992847443
-1.29624999284744
-1.55218749284744
-1.86406249284744
-2.09624999284744
-2.39999999284744
-2.67999999284744
-2.91999999284744
-3.11999999284744
-3.39999999284744
-3.62406249284744
-3.83999999284744
-3.99999999284744
-4.23999999284744
-4.39999999284744
-4.52812499284744
-4.67218749284744
-4.75218749284744
-4.87218749284744
-4.91999999284744
-4.98406249284744
-5.05624999284744
-5.07218749284744
-5.01624999284744
-5.00812499284744
-4.99218749284744
-4.90406249284744
-4.83999999284744
-4.69624999284744
-4.53624999284744
-4.39999999284744
-4.25624999284744
-4.06406249284744
-3.83999999284744
-3.56812499284744
-3.35218749284744
-3.08812499284744
-2.83218749284744
-2.53624999284744
-2.22406249284744
-1.99218749284744
-1.62406249284744
-1.40812499284744
-1.05624999284744
-0.856249992847443
-0.584062492847443
-0.352187492847443
0.00781250715255738
0.231875007152557
0.543750007152557
0.911875007152557
1.16000000715256
1.49593750715256
1.72781250715256
2.04000000715256
2.30375000715256
2.55187500715256
2.80781250715256
3.08000000715256
3.28000000715256
3.51187500715256
3.67187500715256
3.80781250715256
3.97593750715256
4.16000000715256
4.31187500715256
4.37593750715256
4.44781250715256
4.52000000715256
4.60000000715256
4.60000000715256
4.61593750715256
4.64781250715256
4.60781250715256
4.60000000715256
4.49593750715256
4.48781250715256
4.39187500715256
4.27187500715256
4.17593750715256
4.04781250715256
3.96000000715256
3.77593750715256
3.60000000715256
3.34375000715256
3.16000000715256
2.98375000715256
2.77593750715256
2.51187500715256
2.25593750715256
2.01593750715256
1.68781250715256
1.32000000715256
1.00000000715256
0.600000007152557
0.200000007152557
-0.239999992847443
-0.639999992847443
-0.959999992847443
-1.23999999284744
-1.53624999284744
-1.87218749284744
-2.11218749284744
-2.40812499284744
-2.60812499284744
-2.94406249284744
-3.13624999284744
-3.40812499284744
-3.66406249284744
-3.81624999284744
-4.01624999284744
-4.22406249284744
-4.40812499284744
-4.51999999284744
-4.64812499284744
-4.75999999284744
-4.83218749284744
-4.93624999284744
-4.95999999284744
-5.07218749284744
-5.06406249284744
-4.98406249284744
-4.99999999284744
-4.95999999284744
-4.92812499284744
-4.83218749284744
-4.70406249284744
-4.60812499284744
-4.40812499284744
-4.25624999284744
-4.08812499284744
-3.84812499284744
-3.61624999284744
-3.37624999284744
-3.11999999284744
-2.82406249284744
-2.57624999284744
-2.28812499284744
-1.99218749284744
-1.64812499284744
-1.38406249284744
-1.13624999284744
-0.832187492847443
-0.624062492847443
-0.304062492847443
-0.0162499928474426
0.303750007152557
0.567812507152557
0.871875007152557
1.16781250715256
1.43187500715256
1.73593750715256
1.97593750715256
2.35187500715256
2.54375000715256
2.79187500715256
3.04781250715256
3.27187500715256
3.52000000715256
3.67187500715256
3.85593750715256
3.99187500715256
4.17593750715256
4.24781250715256
4.41593750715256
4.45593750715256
4.48781250715256
4.57593750715256
4.62375000715256
4.64000000715256
4.60781250715256
4.61593750715256
4.54375000715256
4.54375000715256
4.42375000715256
4.37593750715256
4.30375000715256
4.17593750715256
3.97593750715256
3.90375000715256
3.75187500715256
3.58375000715256
3.40000000715256
3.25593750715256
3.04000000715256
2.80781250715256
2.50375000715256
2.23187500715256
1.97593750715256
1.65593750715256
1.36000000715256
1.00000000715256
0.647812507152557
0.247812507152557
-0.184062492847443
-0.648124992847443
-0.959999992847443
-1.27218749284744
-1.53624999284744
-1.84812499284744
-2.10406249284744
-2.39218749284744
-2.66406249284744
-2.89624999284744
-3.12812499284744
-3.42406249284744
-3.62406249284744
-3.85624999284744
-4.02406249284744
-4.22406249284744
-4.35218749284744
-4.49624999284744
-4.65624999284744
-4.72812499284744
-4.85624999284744
-4.93624999284744
-5.03218749284744
-5.03218749284744
-5.07999999284744
-5.03999999284744
-4.95218749284744
-4.96812499284744
-4.90406249284744
-4.78406249284744
-4.66406249284744
-4.52812499284744
-4.42406249284744
-4.21624999284744
-4.01624999284744
-3.82406249284744
-3.58406249284744
-3.38406249284744
-3.08812499284744
-2.82406249284744
-2.59218749284744
-2.25624999284744
-1.98406249284744
-1.70406249284744
-1.39218749284744
-1.11218749284744
-0.832187492847443
-0.624062492847443
-0.359999992847443
-0.0162499928474426
0.295937507152557
0.560000007152557
0.871875007152557
1.14375000715256
1.43187500715256
1.74375000715256
2.02375000715256
2.28781250715256
2.57593750715256
2.80000000715256
3.00000000715256
3.29593750715256
3.49593750715256
3.67187500715256
3.86375000715256
3.99187500715256
4.16781250715256
4.28781250715256
4.34375000715256
4.44781250715256
4.56000000715256
4.56000000715256
4.57593750715256
4.61593750715256
4.63187500715256
4.60000000715256
4.56781250715256
4.56781250715256
4.48000000715256
4.37593750715256
4.32781250715256
4.20000000715256
4.01593750715256
3.89593750715256
3.76000000715256
3.58375000715256
3.40781250715256
3.18375000715256
3.00781250715256
2.80781250715256
2.56781250715256
2.31187500715256
1.97593750715256
1.71187500715256
1.40781250715256
1.04000000715256
0.663750007152557
0.215937507152557
-0.176249992847443
-0.632187492847443
-0.952187492847443
-1.20812499284744
-1.53624999284744
-1.83999999284744
-2.10406249284744
-2.41624999284744
-2.66406249284744
-2.93624999284744
-3.15218749284744
-3.39999999284744
-3.59218749284744
-3.79999999284744
-3.99999999284744
-4.20812499284744
-4.33624999284744
-4.52812499284744
-4.63999999284744
-4.75218749284744
-4.84812499284744
-4.94406249284744
-5.01624999284744
-4.97624999284744
-4.99999999284744
-5.03999999284744
-5.02406249284744
-4.94406249284744
-4.86406249284744
-4.83999999284744
-4.69624999284744
-4.59999999284744
-4.47218749284744
-4.24812499284744
-4.07999999284744
-3.85624999284744
-3.59999999284744
-3.38406249284744
-3.11218749284744
-2.83218749284744
-2.56812499284744
-2.29624999284744
-1.99218749284744
-1.67999999284744
-1.39999999284744
-1.08812499284744
-0.879999992847443
-0.608124992847443
-0.344062492847443
-0.0240624928474426
0.247812507152557
0.567812507152557
0.863750007152557
1.16000000715256
1.44781250715256
1.73593750715256
2.01593750715256
2.27187500715256
2.51187500715256
2.78375000715256
3.04000000715256
3.28000000715256
3.45593750715256
3.65593750715256
3.86375000715256
4.00781250715256
4.18375000715256
4.25593750715256
4.37593750715256
4.50375000715256
4.49593750715256
4.59187500715256
4.60781250715256
4.64781250715256
4.64781250715256
4.58375000715256
4.59187500715256
4.51187500715256
4.44000000715256
4.38375000715256
4.24000000715256
4.20000000715256
4.04000000715256
3.87187500715256
3.74375000715256
3.56000000715256
3.43187500715256
3.20000000715256
3.00781250715256
2.82375000715256
2.57593750715256
2.33593750715256
2.01593750715256
1.73593750715256
1.40781250715256
1.04000000715256
0.623750007152557
0.255937507152557
-0.184062492847443
-0.616249992847443
-0.936249992847443
-1.23999999284744
-1.53624999284744
-1.79999999284744
-2.09624999284744
-2.31999999284744
-2.57624999284744
-2.84812499284744
-3.15218749284744
-3.28812499284744
-3.58406249284744
-3.76812499284744
-3.94406249284744
-4.15218749284744
-4.32812499284744
-4.51999999284744
-4.62406249284744
-4.79999999284744
-4.81624999284744
-4.92812499284744
-4.99218749284744
-5.00812499284744
-5.04812499284744
-5.03999999284744
-5.04812499284744
-4.97624999284744
-4.89624999284744
-4.82406249284744
-4.65624999284744
-4.59999999284744
-4.46406249284744
-4.25624999284744
-4.06406249284744
-3.87218749284744
-3.64812499284744
-3.37624999284744
-3.13624999284744
-2.85624999284744
-2.63999999284744
-2.27999999284744
-1.99218749284744
-1.74406249284744
-1.43999999284744
-1.16812499284744
-0.864062492847443
-0.639999992847443
-0.384062492847443
-0.0321874928474426
0.263750007152557
0.535937507152557
0.840000007152557
1.17593750715256
1.45593750715256
1.71187500715256
2.03187500715256
2.24781250715256
2.49593750715256
2.76000000715256
2.99187500715256
3.23187500715256
3.43187500715256
3.60781250715256
3.76000000715256
4.00781250715256
4.14375000715256
4.22375000715256
4.40781250715256
4.47187500715256
4.55187500715256
4.55187500715256
4.57593750715256
4.61593750715256
4.57593750715256
4.59187500715256
4.52781250715256
4.51187500715256
4.45593750715256
4.38375000715256
4.30375000715256
4.20781250715256
4.00781250715256
3.94375000715256
3.77593750715256
3.57593750715256
3.40781250715256
3.20781250715256
3.01593750715256
2.76781250715256
2.50375000715256
2.24781250715256
2.03187500715256
1.76000000715256
1.36781250715256
1.07187500715256
0.671875007152557
0.280000007152557
-0.168124992847443
-0.696249992847443
-0.968124992847443
-1.18406249284744
-1.50406249284744
-1.82406249284744
-2.05624999284744
-2.39999999284744
-2.63999999284744
-2.88812499284744
-3.12812499284744
-3.27999999284744
-3.59999999284744
-3.79218749284744
-4.00812499284744
-4.19218749284744
-4.34406249284744
-4.47999999284744
-4.63218749284744
-4.75218749284744
-4.85624999284744
-4.94406249284744
-5.05624999284744
-5.00812499284744
-5.07999999284744
-5.00812499284744
-5.03999999284744
-4.96812499284744
-4.95218749284744
-4.83218749284744
-4.71218749284744
-4.57624999284744
-4.44812499284744
-4.26406249284744
-4.10406249284744
-3.88812499284744
-3.66406249284744
-3.37624999284744
-3.16812499284744
-2.86406249284744
-2.60812499284744
-2.35999999284744
-1.99999999284744
-1.73624999284744
-1.43218749284744
-1.14406249284744
-0.856249992847443
-0.599999992847443
-0.376249992847443
-0.0721874928474426
0.255937507152557
0.535937507152557
0.847812507152557
1.12781250715256
1.38375000715256
1.71187500715256
1.98375000715256
2.28781250715256
2.49593750715256
2.75187500715256
3.00781250715256
3.25593750715256
3.44000000715256
3.62375000715256
3.77593750715256
3.96781250715256
4.10375000715256
4.25593750715256
4.35187500715256
4.40781250715256
4.51187500715256
4.56781250715256
4.62375000715256
4.61593750715256
4.56781250715256
4.63187500715256
4.57593750715256
4.54375000715256
4.51187500715256
4.37593750715256
4.27187500715256
4.17593750715256
4.04781250715256
4.00000000715256
3.72781250715256
3.63187500715256
3.40781250715256
3.27187500715256
3.03187500715256
2.80000000715256
2.58375000715256
2.31187500715256
2.08000000715256
1.73593750715256
1.42375000715256
1.00000000715256
0.687812507152557
0.255937507152557
-0.168124992847443
-0.592187492847443
-0.976249992847443
-1.16812499284744
-1.47999999284744
-1.77624999284744
-2.05624999284744
-2.35218749284744
-2.61624999284744
-2.87999999284744
-3.14406249284744
-3.38406249284744
-3.59999999284744
-3.79218749284744
-3.96812499284744
-4.15999999284744
-4.31218749284744
-4.52812499284744
-4.60812499284744
-4.73624999284744
-4.82406249284744
-4.91218749284744
-4.96812499284744
-5.05624999284744
-5.01624999284744
-5.08812499284744
-5.02406249284744
-4.94406249284744
-4.93624999284744
-4.87999999284744
-4.77624999284744
-4.61624999284744
-4.42406249284744
-4.24812499284744
-4.06406249284744
-3.87999999284744
-3.61624999284744
-3.41624999284744
-3.19218749284744
-2.91218749284744
-2.64812499284744
-2.33624999284744
-2.02406249284744
-1.74406249284744
-1.45624999284744
-1.16812499284744
-0.904062492847443
-0.639999992847443
-0.392187492847443
-0.104062492847443
0.200000007152557
0.520000007152557
0.807812507152557
1.15187500715256
1.44000000715256
1.65593750715256
1.98375000715256
2.20781250715256
2.49593750715256
2.74375000715256
2.98375000715256
3.17593750715256
3.38375000715256
3.60781250715256
3.78375000715256
3.97593750715256
4.12781250715256
4.26375000715256
4.37593750715256
4.42375000715256
4.54375000715256
4.59187500715256
4.57593750715256
4.61593750715256
4.62375000715256
4.65593750715256
4.51187500715256
4.51187500715256
4.47187500715256
4.38375000715256
4.32781250715256
4.16000000715256
4.05593750715256
3.92000000715256
3.80000000715256
3.61593750715256
3.40781250715256
3.26375000715256
3.05593750715256
2.77593750715256
2.60000000715256
2.34375000715256
2.08781250715256
1.78375000715256
1.47187500715256
1.06375000715256
0.711875007152557
0.295937507152557
-0.104062492847443
-0.568124992847443
-0.879999992847443
-1.15218749284744
-1.50406249284744
-1.72812499284744
-2.02406249284744
-2.36812499284744
-2.59218749284744
-2.85624999284744
-3.11218749284744
-3.33624999284744
-3.55999999284744
-3.75999999284744
-3.95999999284744
-4.13624999284744
-4.35218749284744
-4.45624999284744
-4.61624999284744
-4.74406249284744
-4.84812499284744
-4.91218749284744
-4.93624999284744
-5.04812499284744
-5.05624999284744
-5.02406249284744
-5.03218749284744
-4.99218749284744
-4.87218749284744
-4.84812499284744
-4.67999999284744
-4.63218749284744
-4.47999999284744
-4.27999999284744
-4.07999999284744
-3.87218749284744
-3.60812499284744
-3.46406249284744
-3.15218749284744
-2.90406249284744
-2.58406249284744
-2.35218749284744
-2.05624999284744
-1.76812499284744
-1.46406249284744
-1.13624999284744
-0.896249992847443
-0.664062492847443
-0.416249992847443
-0.0640624928474426
0.240000007152557
0.560000007152557
0.807812507152557
1.16781250715256
1.36000000715256
1.68000000715256
1.95187500715256
2.20781250715256
2.48781250715256
2.76000000715256
2.96781250715256
3.27187500715256
3.44781250715256
3.65593750715256
3.81593750715256
3.97593750715256
4.09593750715256
4.24000000715256
4.29593750715256
4.43187500715256
4.49593750715256
4.55187500715256
4.60000000715256
4.63187500715256
4.59187500715256
4.65593750715256
4.59187500715256
4.50375000715256
4.45593750715256
4.40781250715256
4.29593750715256
4.20000000715256
4.06375000715256
3.91187500715256
3.80781250715256
3.59187500715256
3.44781250715256
3.24781250715256
3.03187500715256
2.75187500715256
2.56000000715256
2.27187500715256
2.08000000715256
1.78375000715256
1.44000000715256
1.10375000715256
0.687812507152557
0.295937507152557
-0.0640624928474426
-0.568124992847443
-0.879999992847443
-1.20812499284744
-1.47218749284744
-1.81624999284744
-2.04812499284744
-2.31999999284744
-2.59999999284744
-2.86406249284744
-3.11999999284744
-3.38406249284744
-3.58406249284744
-3.75999999284744
-3.97624999284744
-4.11218749284744
-4.31999999284744
-4.51999999284744
-4.59999999284744
-4.71999999284744
-4.79999999284744
-4.91999999284744
-4.92812499284744
-5.02406249284744
-5.03999999284744
-5.07999999284744
-4.98406249284744
-5.03218749284744
-4.89624999284744
-4.87218749284744
-4.72812499284744
-4.58406249284744
-4.45624999284744
-4.33624999284744
-4.10406249284744
-3.91218749284744
-3.63218749284744
-3.44812499284744
-3.18406249284744
-2.91218749284744
-2.62406249284744
-2.38406249284744
-2.03218749284744
-1.75218749284744
-1.45624999284744
-1.18406249284744
-0.879999992847443
-0.616249992847443
-0.432187492847443
-0.0962499928474426
0.183750007152557
0.487812507152557
0.791875007152557
1.11187500715256
1.41593750715256
1.68000000715256
