0.259124975018203
0.302343722442165
0.369562468435615
0.453562463428825
0.511124959997833
0.604781204415485
0.729562446977943
0.827999941110611
0.938343684533611
1.03199992895126
1.13999992251396
1.2335624169372
1.34634366021492
1.45199990391731
1.52156239977106
1.665562391188
1.77356238475069
1.88399987816811
1.99912487130612
2.12156236400828
2.24878110642545
2.35434360013343
2.48878109212033
2.59912483554333
2.73599982738495
2.84156232109293
2.97356231322512
3.08399980664253
3.19678104992025
3.29034354434349
3.37678103919141
3.47512478332967
3.54478102917783
3.6167810248863
3.671999771595
3.74156226744875
3.78478101487272
3.83512476187199
3.87834350929596
3.91199975728989
3.94556225528941
3.96956225385889
3.98634350285865
3.98634350285865
3.9959997522831
4.01756225099787
4.0247810005676
4.0247810005676
4.03912474971265
4.0535622488521
4.0535622488521
4.0535622488521
4.04634349928238
4.08234349713661
4.06799974799156
4.0535622488521
4.06078099842183
4.04156224956736
3.97912475328892
3.87834350929596
3.74878101701848
3.56878102774732
3.39356228819117
3.20634354935028
3.0215623103641
2.85834357009269
2.69512482982129
2.51756234040484
2.35678109998815
2.20312485914677
2.05678111786954
1.89112487774342
1.74234363661148
1.59834364519455
1.46399990320206
1.3415624104999
1.21912491779774
1.07512492638081
0.979124932102859
0.87834368810989
0.753562445547432
0.664781200839206
0.561562456991523
0.467999962568283
0.405562466289848
0.352781219435856
0.271124974302947
0.227999976873398
0.177562479879707
0.139124982170761
0.127124982886016
0.11278123374097
0.0959999847412107
0.117562483455986
0.12956248274073
0.136781232310459
0.170343730309978
0.206343728164211
0.247124975733459
0.29756247272715
0.369562468435615
0.443999963998794
0.513562459852546
0.623999953269959
0.707999948263168
0.820781191540882
0.933562434818596
1.03434367881157
1.1255624233745
1.22156241765246
1.32956241121516
1.43756240477785
1.54078114862554
1.64156239261851
1.76634363518097
1.88156237831339
1.99678112144582
2.11678111429326
2.23434360728599
2.34956235041842
2.49112484198064
2.60878108496778
2.72634357796051
2.85356232037768
2.96878106351011
3.06956230750307
3.18234355078079
3.27834354505874
3.38634353862144
3.46312478404492
3.54478102917783
3.63112477403134
3.66956227174029
3.7271247683093
3.79912476401776
3.83034351215698
3.86634351001121
3.90956225743517
3.94312475543469
3.95999975442886
3.98399975299835
3.9983435021434
4.01512475114316
4.01278100128286
4.0271247504279
4.04156224956736
4.03199975013733
4.03912474971265
4.05834349856712
4.0535622488521
4.04878099913709
4.06312474828214
4.07034349785186
4.06556224813685
4.04634349928238
4.03912474971265
3.98878100271337
3.87356225958094
3.74156226744875
3.59034352646209
3.4031247876212
3.22078104848973
3.01912481050938
2.86078106994741
2.68799983024597
2.52234359011985
2.37356234898791
2.20556235900149
2.06399986743927
1.90312487702817
1.75199988603592
1.62234364376403
1.49034365163185
1.35356240978464
1.22399991750717
1.08956242552027
0.959999933242798
0.868781188679859
0.758343695262447
0.662343700984493
0.561562456991523
0.470343712428585
0.403124966435134
0.338343720296398
0.273562474157661
0.227999976873398
0.187124979309738
0.153562481310219
0.148781231595203
0.100781234456226
0.103124984316528
0.117562483455986
0.131999982595444
0.127124982886016
0.175124980024993
0.19678122873418
0.254343725303188
0.302343722442165
0.350343719581142
0.429562464859337
0.518343709567562
0.607124954275787
0.705562448408455
0.815999941825867
0.923999935388565
1.02956242909655
1.13756242265925
1.21678116793744
1.32478116150014
1.43278115506284
1.52156239977106
1.64634364233352
1.76156238546595
1.86478112931363
1.98956237187609
2.12156236400828
2.24156235685572
2.35434360013343
2.47912484269589
2.60399983525276
2.72634357796051
2.83912482123822
2.95678106422536
3.07199980735779
3.17034355149604
3.26878104562871
3.36956228962168
3.46312478404492
3.52799978017807
3.61434352503158
3.671999771595
3.74399976730347
3.79434351430275
3.83756226172671
3.88078100915067
3.89999975800514
3.93356225600466
3.95512475471944
3.96478100414388
3.98156225314364
4.01034350142814
4.00556225171313
4.01999975085258
4.03434349999763
4.0271247504279
4.04634349928238
4.0271247504279
4.05834349856712
4.06078099842183
4.07756224742159
4.05834349856712
4.06312474828214
4.05599974870682
4.04634349928238
4.00078100199811
3.8879997587204
3.75112476687878
3.58799977660179
3.39356228819117
3.22078104848973
3.0479998087883
2.85599982023239
2.68078108067624
2.51999984025955
2.38078109855764
2.19599985957146
2.07599986672401
1.90078112716787
1.77112488489598
1.62956239333376
1.49278115148656
1.34878116006963
1.21678116793744
1.08956242552027
0.983999931812286
0.866343688825145
0.763124944977462
0.664781200839206
0.575999956130981
0.491999961137771
0.410343716004863
0.333562470581382
0.273562474157661
0.225562477018684
0.191999979019165
0.146343731740489
0.131999982595444
0.117562483455986
0.110343733886257
0.119999983310699
0.127124982886016
0.127124982886016
0.179999979734421
0.194343728879466
0.247124975733459
0.29756247272715
0.359999969005585
0.436781214429065
0.508781210137531
0.6095624541305
0.69356244912371
0.808781192256138
0.902343686679378
1.02478117938153
1.12078117365949
1.24799991607666
1.32234366164543
1.4231249056384
1.52156239977106
1.64399989247322
1.74956238618121
1.86956237902865
1.99678112144582
2.10956236472353
2.23199985742569
2.35678109998815
2.47678109283559
2.59678108568303
2.72156232824549
2.84156232109293
2.95199981451035
3.06478105778806
3.18234355078079
3.2927810441982
3.37912478905171
3.46556228389964
3.54956227889285
3.60712477546185
3.66712477188557
3.72234351859428
3.7799997651577
3.83278101201169
3.87834350929596
3.89756225815043
3.93356225600466
3.95756225457415
3.96956225385889
3.97912475328892
4.00312475185841
4.01034350142814
4.01999975085258
4.02956225028262
4.03199975013733
4.04634349928238
4.03912474971265
4.06556224813685
4.06078099842183
4.07278099770658
4.06799974799156
4.06312474828214
4.06556224813685
4.03199975013733
3.99112475257367
3.90956225743517
3.77034351573326
3.60478102560155
3.41034353719093
3.23034354791977
3.0503435586486
2.86556231966242
2.71912482839078
2.5343435894046
2.37112484913319
2.21999985814095
2.06634361729957
1.91999987602234
1.76156238546595
1.60312489490956
1.49999990105629
1.35356240978464
1.22156241765246
1.09434367523529
0.993562431242317
0.873562438394874
0.753562445547432
0.664781200839206
0.563999956846237
0.491999961137771
0.400781216574833
0.331124970726669
0.287999973297119
0.235124976448715
0.201562478449195
0.155999981164932
0.131999982595444
0.122343733171001
0.115124983601272
0.11278123374097
0.12956248274073
0.160781230879947
0.184781229449436
0.187124979309738
0.230343726733699
0.29756247272715
0.359999969005585
0.422343715289607
0.511124959997833
0.614343703845516
0.71034369812347
0.813562441971153
0.904781186534092
1.01999992966652
1.13034367308952
1.23112491708249
1.31756241193041
1.42556240549311
1.52156239977106
1.63199989318848
1.76156238546595
1.87434362874366
1.98478112216108
2.11678111429326
2.22234360800125
2.33512485127896
2.47199984312058
2.58712483625859
2.72634357796051
2.8343435715232
2.93756231537089
3.04556230893359
3.16312480192632
3.27834354505874
3.37199978947639
3.44634353504516
3.53999977946281
3.60478102560155
3.66234352217056
3.72956226816401
3.77512476544827
3.82312476258725
3.86399976015091
3.90712475758046
3.93834350571968
3.94312475543469
3.98399975299835
4.00312475185841
4.01034350142814
4.00078100199811
4.03434349999763
4.02956225028262
4.04399974942207
4.04634349928238
4.04634349928238
4.06078099842183
4.05112474899739
4.06078099842183
4.06799974799156
4.06556224813685
4.07278099770658
4.02234350071289
4.00556225171313
3.90478100772016
3.77278101558797
3.60712477546185
3.41999978661537
3.22312479835004
3.0503435586486
2.87278106923215
2.71199982881546
2.53912483911961
2.36634359941818
2.21278110857122
2.06634361729957
1.92478112573735
1.77599988460541
1.63912489276379
1.49278115148656
1.35599990963936
1.24078116650693
1.11356242408976
0.995999931097031
0.868781188679859
0.782343693831935
0.688781199408695
0.578343705991283
0.487124961428344
0.427124965004623
0.335999970436096
0.285562473442405
0.237562476303428
0.19678122873418
0.155999981164932
0.122343733171001
0.136781232310459
0.117562483455986
0.0983437346015124
0.124781233025715
0.148781231595203
0.172781230164692
0.184781229449436
0.239999976158142
0.287999973297119
0.357562469150871
0.443999963998794
0.511124959997833
0.595124954991042
0.695999948978424
0.803999942541122
0.890343687394634
1.02478117938153
1.13034367308952
1.22156241765246
1.3127811622154
1.43756240477785
1.52634364948608
1.63199989318848
1.74234363661148
1.87199987888336
1.98712487202138
2.0999998652935
2.22478110785596
2.35678109998815
2.4527810942661
2.58712483625859
2.69034358010627
2.82956232180819
2.94712481480092
3.05756230821833
3.16078105206601
3.2927810441982
3.34799979090691
3.44878103489988
3.53034353003837
3.61199977517128
3.66234352217056
3.71756226887926
3.79199976444244
3.83034351215698
3.86634351001121
3.90712475758046
3.94078100557439
3.94799975514412
3.98156225314364
3.99112475257367
4.00312475185841
4.0271247504279
4.02956225028262
4.03434349999763
4.03434349999763
4.04399974942207
4.04399974942207
4.05599974870682
4.06078099842183
4.06556224813685
4.07756224742159
4.05834349856712
4.06799974799156
4.04399974942207
4.01034350142814
3.92156225671992
3.77034351573326
3.59756227603182
3.43434353576042
3.23756229748949
3.06956230750307
2.88956231823191
2.71199982881546
2.54878108854406
2.37599984884262
2.22478110785596
2.08556236615404
1.91999987602234
1.77834363446571
1.64156239261851
1.49512490134686
1.35834365949966
1.23599991679192
1.11599992394447
0.991124931387603
0.883124937824905
0.763124944977462
0.669562450554222
0.580781205845997
0.499124960713088
0.422343715289607
0.355124969296157
0.278343723872676
0.232781226588413
0.203999978303909
0.158343731025234
0.141562482025474
0.122343733171001
0.117562483455986
0.11278123374097
0.110343733886257
0.136781232310459
0.153562481310219
0.206343728164211
0.247124975733459
0.290343723157421
0.343124970011413
0.429562464859337
0.491999961137771
0.59999995470047
0.695999948978424
0.803999942541122
0.902343686679378
1.01034368024208
1.11356242408976
1.22399991750717
1.30078116293065
1.41834365592338
1.5047811507713
1.61999989390373
1.73999988675118
1.86956237902865
1.98712487202138
2.08556236615404
2.22712485771626
2.33278110141866
2.45756234398112
2.5895623361133
2.69512482982129
2.81512482266873
2.9423435650859
3.05756230821833
3.17034355149604
3.2639997959137
3.35999979019165
3.44399978518486
3.52556228032336
3.59512477617711
3.66478102202527
3.7271247683093
3.77278101558797
3.84234351144172
3.87112475972623
3.90234350786544
3.93112475614995
3.94556225528941
3.97199975371361
3.97912475328892
3.9983435021434
4.01512475114316
4.0271247504279
4.03434349999763
4.03434349999763
4.04399974942207
4.03434349999763
4.04878099913709
4.06312474828214
4.05599974870682
4.06799974799156
4.07278099770658
4.06799974799156
4.04399974942207
4.01034350142814
3.9167810070049
3.76556226601824
3.60478102560155
3.43678103561513
3.24712479691952
3.07199980735779
2.86556231966242
2.7239998281002
2.55834358797409
2.40712484698743
2.22956235757098
2.07834361658432
1.93434362516738
1.76878113503568
1.65599989175797
1.50234365091659
1.37756240835413
1.2335624169372
1.12799992322922
1.01512492995709
0.890343687394634
0.767999944686889
0.679124949984252
0.583124955706298
0.496781210852787
0.429562464859337
0.367124968580901
0.28078122372739
0.237562476303428
0.206343728164211
0.153562481310219
0.124781233025715
0.12956248274073
0.0959999847412107
0.107999984025955
0.122343733171001
0.146343731740489
0.163124980740249
0.211124977879226
0.247124975733459
0.285562473442405
0.34799996972084
0.441562464144081
0.499124960713088
0.595124954991042
0.681562449838966
0.779999943971634
0.892781187249348
1.00556243052706
1.11112492423505
1.20234366879798
1.29356241336092
1.40399990677834
1.52634364948608
1.61999989390373
1.74234363661148
1.8575623797439
1.97278112287633
2.09756236543879
2.20312485914677
2.33512485127896
2.45034359441139
2.57999983668327
2.697562329676
2.83678107137792
2.93756231537089
3.04556230893359
3.14399980306625
3.25912479620427
3.35999979019165
3.44156228533015
3.50399978160858
3.59999977588654
3.67912477117032
3.71278101916425
3.76799976587296
3.83756226172671
3.86878100986592
3.90234350786544
3.92399975657463
3.95278100485913
3.96956225385889
3.98156225314364
3.9959997522831
4.01034350142814
4.01756225099787
4.03199975013733
4.04156224956736
4.03199975013733
4.02956225028262
4.04878099913709
4.0535622488521
4.06312474828214
4.06556224813685
4.05834349856712
4.0535622488521
4.05599974870682
3.9983435021434
3.90478100772016
3.78478101487272
3.62156227460131
3.42478103633039
3.25434354648925
3.06478105778806
2.89678106780164
2.72878107781522
2.54634358868934
2.39512484770268
2.25112485628575
2.0999998652935
1.94156237473711
1.79756238332018
1.65112489204854
1.51678115005605
1.38478115792386
1.23599991679192
1.11599992394447
1.00078118081205
0.902343686679378
0.784781193686649
0.68399994969368
0.592781205130741
0.513562459852546
0.424781215144321
0.352781219435856
0.285562473442405
0.237562476303428
0.199124978594482
0.155999981164932
0.12956248274073
0.110343733886257
0.11278123374097
0.0983437346015124
0.117562483455986
0.139124982170761
0.163124980740249
0.220781227303669
0.244781225873157
0.273562474157661
0.3647812187206
0.419999965429306
0.494343710998073
0.575999956130981
0.69356244912371
0.787124943546951
0.895124937109649
0.991124931387603
1.11599992394447
1.20234366879798
1.29356241336092
1.40399990677834
1.51199990034103
1.61999989390373
1.73278113718145
1.8575623797439
1.96799987316132
2.08312486629933
2.2079998588562
2.32312485199422
2.44556234469637
2.56556233754382
2.69034358010627
2.81756232252345
2.92556231608614
3.04312480907887
3.16078105206601
3.26156229605898
3.35278104062192
3.44399978518486
3.52078103060834
3.59999977588654
3.66956227174029
3.72956226816401
3.76799976587296
3.82312476258725
3.86399976015091
3.89512475829572
3.93599975585938
3.93834350571968
3.97199975371361
3.99112475257367
4.00799975156784
4.01756225099787
4.02956225028262
4.02956225028262
4.01756225099787
4.03912474971265
4.05599974870682
4.05599974870682
4.04399974942207
4.06312474828214
4.06799974799156
4.06078099842183
4.05834349856712
4.04878099913709
4.00556225171313
3.93356225600466
3.80399976372719
3.6167810248863
3.44634353504516
3.26156229605898
3.09112480621785
2.91599981665611
2.72878107781522
2.55356233825907
2.40478109712712
2.25599985599518
2.10478111500852
1.9367811250221
1.7999998831749
1.64399989247322
1.50712490063161
1.38956240763888
1.24799991607666
1.13278117294423
1.00556243052706
0.897562436964363
0.77756244411692
0.686343699553981
0.592781205130741
0.503999960422516
0.427124965004623
0.355124969296157
0.278343723872676
0.235124976448715
0.201562478449195
0.167999980449676
0.131999982595444
0.122343733171001
0.11278123374097
0.107999984025955
0.119999983310699
0.134343732455745
0.151124981455505
0.201562478449195
0.239999976158142
0.271124974302947
0.340781220151111
0.412781215859577
0.494343710998073
0.592781205130741
0.681562449838966
0.796781192971393
0.87834368810989
1.00078118081205
1.12078117365949
1.20234366879798
1.29356241336092
1.38956240763888
1.50234365091659
1.60556239476427
1.74234363661148
1.84312488060445
1.95834362373687
2.09278111572377
2.19112485986203
2.3183436022792
2.43112484555691
2.56799983739853
2.69034358010627
2.80312482338399
2.93512481551617
3.03356230964884
3.14878105278127
3.24956229677424
3.34799979090691
3.41756228676066
3.51599978089333
3.59756227603182
3.6743435214553
3.72478101844899
3.77512476544827
3.81112476330251
3.85678101058118
3.88312475901097
3.92399975657463
3.96478100414388
3.97678100342862
3.98156225314364
4.00078100199811
4.00799975156784
4.01512475114316
4.01756225099787
4.03912474971265
4.03678099985235
4.05112474899739
4.05599974870682
4.05834349856712
4.07756224742159
4.05834349856712
4.05834349856712
4.06556224813685
4.04156224956736
4.00078100199811
3.92399975657463
3.79912476401776
3.6455622731708
3.45112478476018
3.26878104562871
3.09356230607256
2.90156231751665
2.74556232681498
2.56799983739853
2.42156234612688
2.24878110642545
2.11199986457825
1.94878112430684
1.81434363231994
1.64878114218824
1.51912489991635
1.39434365735389
1.24312491636723
1.13278117294423
1.01034368024208
0.907124936394393
0.787124943546951
0.688781199408695
0.597562454845756
0.508781210137531
0.436781214429065
0.355124969296157
0.302343722442165
0.239999976158142
0.199124978594482
0.167999980449676
0.146343731740489
0.124781233025715
0.103124984316528
0.110343733886257
0.105562484171241
0.141562482025474
0.175124980024993
0.194343728879466
0.225562477018684
0.275999974012375
0.333562470581382
0.424781215144321
0.508781210137531
0.578343705991283
0.68399994969368
0.782343693831935
0.883124937824905
1.00556243052706
1.0991249249503
1.20956241836771
1.27912491422147
1.39678115720861
1.49999990105629
1.60799989461899
1.71599988818169
1.83599988102913
1.96799987316132
2.07112486701459
