4.55187492370605
4.71187492370605
4.91187492370605
5.11187492370605
5.29593742370605
5.49593742370605
5.72781242370605
5.88781242370605
6.10374992370605
6.26374992370605
6.28781242370605
6.39999992370606
6.62374992370605
6.75187492370605
6.90374992370606
7.08781242370605
7.23187492370606
7.44781242370606
7.59999992370605
7.73593742370606
7.91999992370605
8.06374992370606
8.32781242370605
8.38374992370606
8.57593742370605
8.73593742370606
8.80781242370606
8.94374992370605
9.07999992370605
9.16781242370605
9.24781242370605
9.34374992370605
9.35999992370606
9.42374992370605
9.47187492370606
9.47187492370606
9.52781242370605
9.47187492370606
9.48781242370606
9.53593742370606
9.50374992370605
9.49593742370605
9.51187492370605
9.48781242370606
9.42374992370605
9.37593742370606
9.35187492370605
9.33593742370605
9.28781242370605
9.27187492370605
9.18374992370605
9.14374992370606
9.07187492370606
9.05593742370606
8.95187492370605
8.84781242370605
8.75999992370605
8.57593742370605
8.35999992370605
8.00781242370605
7.54374992370605
7.20781242370605
6.80781242370605
6.53593742370605
6.39187492370605
6.15187492370606
6.06374992370605
5.88781242370605
5.72781242370605
5.55187492370605
5.33593742370605
5.19187492370605
5.01593742370605
4.91999992370605
4.75187492370605
4.59999992370605
4.49593742370605
4.37593742370605
4.25593742370605
4.15187492370606
3.99187492370605
3.98374992370605
3.87999992370605
3.78374992370605
3.75999992370605
3.70374992370605
3.70374992370605
3.63187492370605
3.60781242370605
3.65593742370605
3.66374992370605
3.69593742370605
3.74374992370605
3.87187492370605
3.99187492370605
4.09593742370605
4.19999992370605
4.39187492370606
4.53593742370605
4.68781242370605
4.85593742370605
5.07999992370605
5.24781242370605
5.49593742370605
5.66374992370605
5.85593742370605
6.11187492370606
6.18374992370605
6.30374992370605
6.35999992370605
6.52781242370605
6.75999992370605
6.92781242370605
7.07187492370606
7.27999992370605
7.43999992370606
7.55999992370606
7.75187492370605
7.91999992370605
8.08781242370605
8.29593742370606
8.39187492370606
8.53593742370606
8.67187492370605
8.83187492370605
8.95999992370606
9.05593742370606
9.14374992370606
9.27187492370605
9.32781242370605
9.31187492370606
9.37593742370606
9.47187492370606
9.47187492370606
9.49593742370605
9.50374992370605
9.57593742370605
9.50374992370605
9.51999992370605
9.51999992370605
9.52781242370605
9.51999992370605
9.41593742370605
9.38374992370606
9.39999992370606
9.37593742370606
9.25593742370605
9.26374992370605
9.19187492370605
9.17593742370605
9.09593742370605
9.00781242370605
8.94374992370605
8.83187492370605
8.79999992370606
8.59187492370605
8.35999992370605
8.01593742370605
7.61593742370605
7.21593742370605
6.81593742370606
6.54374992370605
6.37593742370605
6.19999992370605
6.02374992370605
5.87187492370605
5.75187492370605
5.51187492370605
5.35999992370605
5.22374992370605
5.01593742370605
4.85593742370605
4.76781242370605
4.60781242370605
4.49593742370605
4.31999992370605
4.24781242370605
4.13593742370605
4.00781242370605
3.96781242370605
3.88781242370605
3.81593742370605
3.75999992370605
3.67999992370605
3.63187492370605
3.63999992370605
3.67187492370605
3.67187492370605
3.71999992370605
3.69593742370605
3.78374992370605
3.86374992370605
3.93593742370605
4.11187492370605
4.26374992370605
4.36781242370605
4.47999992370606
4.73593742370606
4.85593742370605
5.05593742370606
5.30374992370605
5.40781242370606
5.64781242370606
5.85593742370605
6.11187492370606
6.25593742370605
6.31187492370605
6.35999992370605
6.55999992370606
6.75999992370605
6.91999992370605
7.03999992370605
7.23187492370606
7.39999992370606
7.54374992370605
7.72781242370605
7.93593742370605
8.06374992370606
8.24781242370605
8.39999992370606
8.51999992370605
8.68781242370605
8.89593742370606
8.99999992370605
9.03999992370606
9.15187492370606
9.23999992370605
9.31999992370605
9.38374992370606
9.40781242370606
9.43999992370605
9.50374992370605
9.50374992370605
9.55999992370606
9.51187492370605
9.48781242370606
9.49593742370605
9.47999992370606
9.43999992370605
9.45593742370605
9.42374992370605
9.43187492370605
9.36781242370606
9.41593742370605
9.31999992370605
9.24781242370605
9.17593742370605
9.17593742370605
9.11999992370605
9.03999992370606
8.91999992370605
8.93593742370605
8.70374992370605
8.59187492370605
8.35999992370605
8.04781242370606
7.64781242370606
7.19999992370605
6.84781242370605
6.51187492370605
6.37593742370605
6.25593742370605
6.07187492370606
5.91187492370605
5.67999992370605
5.54374992370605
5.39187492370605
5.19999992370605
5.03999992370605
4.91999992370605
4.73593742370606
4.64781242370606
4.47999992370606
4.40781242370606
4.24781242370605
4.13593742370605
4.03187492370605
3.97593742370605
3.84781242370605
3.79999992370605
3.73593742370605
3.69593742370605
3.65593742370605
3.64781242370605
3.61593742370605
3.63999992370605
3.69593742370605
3.70374992370605
3.80781242370605
3.88781242370605
3.92781242370605
4.06374992370606
4.21593742370605
4.30374992370605
4.53593742370605
4.67187492370605
4.84781242370605
5.03999992370605
5.26374992370605
5.50374992370605
5.67187492370605
5.91187492370605
6.08781242370605
6.20781242370605
6.33593742370605
6.33593742370605
6.60781242370605
6.77593742370606
6.91187492370605
7.04781242370605
7.24781242370605
7.40781242370606
7.57593742370605
7.71187492370605
7.90374992370606
8.11999992370605
8.21593742370606
8.40781242370606
8.55999992370606
8.66374992370605
8.83187492370605
8.93593742370605
9.04781242370606
9.16781242370605
9.24781242370605
9.31187492370606
9.35999992370606
9.39999992370606
9.43187492370605
9.44781242370605
9.51999992370605
9.50374992370605
9.46374992370605
9.54374992370606
9.49593742370605
9.51187492370605
9.47187492370606
9.44781242370605
9.43187492370605
9.43187492370605
9.41593742370605
9.31187492370606
9.29593742370605
9.25593742370605
9.20781242370606
9.16781242370605
9.11999992370605
9.09593742370605
8.94374992370605
8.88781242370606
8.79187492370605
8.59999992370605
8.39999992370606
8.04781242370606
7.59187492370605
7.23187492370606
6.82374992370606
6.59999992370605
6.39187492370605
6.22374992370605
6.06374992370605
5.91999992370605
5.75999992370605
5.55187492370605
5.41593742370605
5.20781242370605
5.07187492370606
4.85593742370605
4.72781242370606
4.67187492370605
4.55187492370605
4.34374992370605
4.29593742370605
4.16781242370605
4.01593742370605
3.93593742370605
3.87187492370605
3.77593742370605
3.71999992370605
3.71999992370605
3.63187492370605
3.66374992370605
3.59999992370605
3.62374992370605
3.68781242370605
3.68781242370605
3.79187492370605
3.83999992370605
3.98374992370605
4.06374992370606
4.15999992370605
4.33593742370605
4.53593742370605
4.63999992370606
4.84781242370605
5.07187492370606
5.23999992370605
5.43999992370605
5.69593742370605
5.88781242370605
6.06374992370605
6.16781242370605
6.25593742370605
6.36781242370605
6.54374992370605
6.75187492370605
6.86374992370606
7.01593742370605
7.23187492370606
7.40781242370606
7.59187492370605
7.72781242370605
7.88781242370605
8.04781242370606
8.29593742370606
8.34374992370605
8.55999992370606
8.71999992370606
8.86374992370605
8.93593742370605
9.08781242370605
9.17593742370605
9.26374992370605
9.27187492370605
9.31187492370606
9.42374992370605
9.41593742370605
9.46374992370605
9.43999992370605
9.51999992370605
9.51187492370605
9.52781242370605
9.53593742370606
9.47187492370606
9.47187492370606
9.46374992370605
9.39999992370606
9.36781242370606
9.39999992370606
9.37593742370606
9.32781242370605
9.30374992370605
9.17593742370605
9.16781242370605
9.15187492370606
9.05593742370606
8.99187492370605
8.87999992370606
8.71999992370606
8.60781242370605
8.41593742370605
8.03999992370606
7.68781242370605
7.23999992370605
6.84781242370605
6.53593742370605
6.42374992370605
6.19187492370605
6.03999992370605
5.91999992370605
5.71999992370605
5.59187492370605
5.41593742370605
5.23187492370606
5.07187492370606
4.90374992370606
4.75999992370605
4.61593742370605
4.49593742370605
4.34374992370605
4.23187492370606
4.17593742370605
4.02374992370605
3.96781242370605
3.85593742370605
3.76781242370605
3.75187492370605
3.71999992370605
3.67999992370605
3.67999992370605
3.61593742370605
3.59187492370605
3.64781242370605
3.71187492370605
3.79187492370605
3.87187492370605
3.98374992370605
4.07999992370605
4.17593742370605
4.33593742370605
4.54374992370605
4.67187492370605
4.85593742370605
5.03999992370605
5.23187492370606
5.46374992370605
5.69593742370605
5.85593742370605
6.05593742370605
6.15187492370606
6.27187492370605
6.31187492370605
6.50374992370605
6.78374992370606
6.87999992370605
7.06374992370605
7.23187492370606
7.38374992370605
7.52781242370606
7.74374992370606
7.93593742370605
8.10374992370605
8.27187492370605
8.38374992370606
8.52781242370605
8.66374992370605
8.76781242370605
8.94374992370605
9.09593742370605
9.13593742370606
9.21593742370606
9.31187492370606
9.34374992370605
9.45593742370605
9.49593742370605
9.44781242370605
9.52781242370605
9.47187492370606
9.51187492370605
9.52781242370605
9.52781242370605
9.46374992370605
9.48781242370606
9.43187492370605
9.43187492370605
9.40781242370606
9.37593742370606
9.31999992370605
9.31187492370606
9.27187492370605
9.21593742370606
9.14374992370606
9.09593742370605
9.04781242370606
8.97593742370606
8.87187492370606
8.75999992370605
8.59187492370605
8.35999992370605
8.02374992370605
7.66374992370605
7.23999992370605
6.91187492370605
6.55999992370606
6.43999992370606
6.26374992370605
6.03187492370605
5.94374992370605
5.72781242370605
5.58374992370605
5.39999992370606
5.16781242370605
5.05593742370606
4.94374992370605
4.80781242370605
4.63187492370605
4.49593742370605
4.36781242370605
4.21593742370605
4.11187492370605
4.06374992370606
3.96781242370605
3.90374992370605
3.79187492370605
3.75999992370605
3.71999992370605
3.71187492370605
3.68781242370605
3.61593742370605
3.67999992370605
3.63999992370605
3.69593742370605
3.82374992370605
3.87999992370605
3.97593742370605
4.04781242370605
4.16781242370605
4.32781242370605
4.50374992370605
4.63999992370606
4.87187492370605
5.06374992370606
5.19999992370605
5.45593742370605
5.62374992370605
5.83187492370605
6.05593742370605
6.19187492370605
6.29593742370605
6.35999992370605
6.55187492370605
6.71999992370605
6.87999992370605
7.03187492370605
7.21593742370605
7.38374992370605
7.59187492370605
7.68781242370605
7.93593742370605
8.07187492370606
8.23999992370605
8.39999992370606
8.50374992370605
8.67999992370605
8.79187492370605
8.87999992370606
9.07187492370606
9.13593742370606
9.25593742370605
9.30374992370605
9.38374992370606
9.37593742370606
9.44781242370605
9.50374992370605
9.49593742370605
9.47187492370606
9.50374992370605
9.51999992370605
9.48781242370606
9.50374992370605
9.51187492370605
9.48781242370606
9.43999992370605
9.43999992370605
9.39187492370606
9.32781242370605
9.27187492370605
9.27187492370605
9.22374992370606
9.18374992370605
9.09593742370605
9.07187492370606
8.99999992370605
8.87999992370606
8.79187492370605
8.62374992370605
8.37593742370606
8.12781242370605
7.73593742370606
7.27187492370605
6.85593742370606
6.59999992370605
6.42374992370605
6.19999992370605
6.07999992370605
5.89593742370606
5.71999992370605
5.57593742370605
5.43999992370605
5.23999992370605
5.07999992370605
4.93593742370605
4.75999992370605
4.63999992370606
4.50374992370605
4.47187492370605
4.28781242370605
4.15187492370606
4.07999992370605
3.97593742370605
3.87187492370605
3.84781242370605
3.75999992370605
3.70374992370605
3.68781242370605
3.64781242370605
3.63999992370605
3.64781242370605
3.66374992370605
3.70374992370605
3.77593742370605
3.84781242370605
3.91999992370605
4.06374992370606
4.19187492370605
4.34374992370605
4.47999992370606
4.67187492370605
4.85593742370605
5.01593742370605
5.23187492370606
5.40781242370606
5.65593742370605
5.84781242370605
6.02374992370605
6.23187492370606
6.28781242370605
6.31187492370605
6.49593742370605
6.71999992370605
6.81593742370606
7.00781242370605
7.18374992370605
7.39187492370605
7.55187492370605
7.69593742370605
7.87999992370605
8.07187492370606
8.17593742370605
8.35999992370605
8.51187492370605
8.68781242370605
8.83187492370605
8.93593742370605
9.00781242370605
9.17593742370605
9.19187492370605
9.31999992370605
9.34374992370605
9.37593742370606
9.44781242370605
9.48781242370606
9.48781242370606
9.47999992370606
9.49593742370605
9.52781242370605
9.55999992370606
9.46374992370605
9.50374992370605
9.47999992370606
9.43187492370605
9.39999992370606
9.35999992370606
9.36781242370606
9.30374992370605
9.29593742370605
9.25593742370605
9.19999992370606
9.11999992370605
9.07187492370606
8.93593742370605
8.88781242370606
8.75999992370605
8.65593742370605
8.42374992370605
8.10374992370605
7.69593742370605
7.29593742370605
6.92781242370605
6.62374992370605
6.44781242370606
6.27999992370605
6.07999992370605
5.97593742370606
5.80781242370605
5.60781242370605
5.40781242370606
5.25593742370605
5.04781242370605
4.93593742370605
4.78374992370605
4.63187492370605
4.47999992370606
4.43999992370605
4.29593742370605
4.15187492370606
4.04781242370605
3.93593742370605
3.90374992370605
3.80781242370605
3.75187492370605
3.69593742370605
3.63999992370605
3.63187492370605
3.61593742370605
3.64781242370605
3.65593742370605
3.71187492370605
3.76781242370605
3.87187492370605
3.93593742370605
4.04781242370605
4.15999992370605
4.34374992370605
4.48781242370606
4.67187492370605
4.83999992370605
5.03187492370605
5.19187492370605
5.43999992370605
5.63999992370606
5.80781242370605
5.99999992370605
6.20781242370605
6.30374992370605
6.31999992370605
6.51187492370605
6.73593742370606
6.81593742370606
7.00781242370605
7.21593742370605
7.36781242370605
7.47999992370606
7.74374992370606
7.89593742370606
8.03999992370606
8.19187492370605
8.35999992370605
8.45593742370605
8.63999992370606
8.75999992370605
8.91187492370605
9.04781242370606
9.17593742370605
9.22374992370606
9.27187492370605
9.33593742370605
9.46374992370605
9.38374992370606
9.47999992370606
9.51187492370605
9.54374992370606
9.51187492370605
9.52781242370605
9.51187492370605
9.51999992370605
9.49593742370605
9.42374992370605
9.43187492370605
9.43187492370605
9.39187492370606
9.35187492370605
9.35187492370605
9.27187492370605
9.21593742370606
9.18374992370605
9.16781242370605
9.09593742370605
9.00781242370605
8.92781242370605
8.78374992370605
8.61593742370605
8.44781242370605
8.11999992370605
7.74374992370606
7.34374992370605
6.95999992370605
6.62374992370605
6.41593742370605
6.23187492370606
6.07187492370606
5.92781242370605
5.73593742370606
5.60781242370605
5.43187492370605
5.23187492370606
5.06374992370606
4.91187492370605
4.77593742370605
4.66374992370605
4.48781242370606
4.39999992370606
4.21593742370605
4.18374992370605
4.05593742370606
3.93593742370605
3.84781242370605
3.79999992370605
3.71187492370605
3.69593742370605
3.69593742370605
3.67187492370605
3.68781242370605
3.63999992370605
3.61593742370605
3.71999992370605
3.74374992370605
3.85593742370605
3.95187492370605
3.96781242370605
4.14374992370605
4.29593742370605
4.46374992370605
4.59187492370605
4.82374992370606
5.04781242370605
5.16781242370605
5.38374992370605
5.61593742370605
5.81593742370606
6.01593742370605
6.19999992370605
6.27999992370605
6.35999992370605
6.49593742370605
6.72781242370605
6.81593742370606
6.96781242370605
7.19187492370606
7.35999992370605
7.53593742370605
7.67999992370605
7.83999992370605
8.01593742370605
8.20781242370606
8.39187492370606
8.50374992370605
8.63999992370606
8.75999992370605
8.91999992370605
9.08781242370605
9.13593742370606
9.26374992370605
9.27999992370605
9.34374992370605
9.39999992370606
9.41593742370605
9.43999992370605
9.47187492370606
9.49593742370605
9.51187492370605
9.52781242370605
9.54374992370606
9.49593742370605
9.47999992370606
9.45593742370605
9.45593742370605
9.41593742370605
9.36781242370606
9.36781242370606
9.32781242370605
9.31999992370605
9.24781242370605
9.19187492370605
9.17593742370605
9.07999992370605
8.96781242370606
8.89593742370606
8.81593742370606
8.60781242370605
8.43999992370605
8.18374992370605
7.71999992370605
7.31999992370605
6.93593742370605
6.59999992370605
6.43999992370606
6.27999992370605
6.07999992370605
5.93593742370605
5.82374992370606
5.55999992370606
5.41593742370605
5.23999992370605
5.06374992370606
4.94374992370605
4.80781242370605
4.65593742370605
4.55187492370605
4.47999992370606
4.28781242370605
4.13593742370605
4.03999992370605
3.98374992370605
3.90374992370605
3.85593742370605
3.73593742370605
3.63187492370605
3.64781242370605
3.63187492370605
3.66374992370605
3.63187492370605
3.62374992370605
3.71999992370605
3.73593742370605
3.84781242370605
3.92781242370605
4.03999992370605
4.17593742370605
4.26374992370605
4.47999992370606
4.61593742370605
4.82374992370606
5.04781242370605
5.19187492370605
5.38374992370605
5.64781242370606
5.80781242370605
5.95999992370605
6.15187492370606
6.30374992370605
6.35187492370605
6.47999992370606
6.72781242370605
6.83187492370605
7.01593742370605
7.18374992370605
7.37593742370605
7.57593742370605
7.66374992370605
