-4.19218749284744
-3.95999999284744
-3.68812499284744
-3.27999999284744
-3.02406249284744
-2.64812499284744
-2.34406249284744
-2.03999999284744
-1.71999999284744
-1.35218749284744
-1.03999999284744
-0.664062492847443
-0.384062492847443
-0.0562499928474426
0.160000007152557
0.391875007152557
0.751875007152558
1.12000000715256
1.40000000715256
1.71187500715256
2.10375000715256
2.31187500715256
2.64000000715256
2.98375000715256
3.20781250715256
3.47187500715256
3.68781250715256
3.99187500715256
4.15187500715256
4.36781250715256
4.55187500715256
4.62375000715256
4.79187500715256
4.90375000715256
4.94375000715256
5.01593750715256
5.08000000715256
5.08000000715256
5.08000000715256
5.17593750715256
5.16000000715256
5.14375000715256
5.08781250715256
5.00781250715256
4.90375000715256
4.78375000715256
4.67187500715256
4.52781250715256
4.32781250715256
4.16781250715256
4.03187500715256
3.79187500715256
3.56000000715256
3.30375000715256
3.08000000715256
2.83187500715256
2.53593750715256
2.21593750715256
1.92781250715256
1.60000000715256
1.20000000715256
0.847812507152557
0.335937507152557
-0.0962499928474426
-0.559999992847443
-1.14406249284744
-1.66406249284744
-1.95999999284744
-2.28812499284744
-2.59218749284744
-2.88812499284744
-3.13624999284744
-3.46406249284744
-3.67218749284744
-3.94406249284744
-4.21624999284744
-4.43999999284744
-4.63218749284744
-4.79999999284744
-4.96812499284744
-5.13624999284744
-5.24812499284744
-5.41624999284744
-5.53624999284744
-5.63999999284744
-5.63999999284744
-5.63999999284744
-5.69624999284744
-5.71999999284744
-5.66406249284744
-5.62406249284744
-5.59218749284744
-5.55999999284744
-5.39999999284744
-5.21624999284744
-5.00812499284744
-4.80812499284744
-4.47999999284744
-4.22406249284744
-3.99999999284744
-3.66406249284744
-3.30406249284744
-2.95218749284744
-2.65624999284744
-2.32812499284744
-2.03999999284744
-1.70406249284744
-1.37624999284744
-1.01624999284744
-0.736249992847443
-0.359999992847443
-0.0799999928474426
0.120000007152557
0.367812507152557
0.815937507152557
1.12000000715256
1.39187500715256
1.71187500715256
2.04781250715256
2.35187500715256
2.58375000715256
2.90375000715256
3.22375000715256
3.44781250715256
3.68000000715256
3.92000000715256
4.16000000715256
4.36000000715256
4.50375000715256
4.58375000715256
4.73593750715256
4.85593750715256
4.96000000715256
5.00000000715256
5.04781250715256
5.13593750715256
5.15187500715256
5.16781250715256
5.10375000715256
5.12781250715256
5.11187500715256
4.96781250715256
4.95187500715256
4.84000000715256
4.65593750715256
4.55187500715256
4.32000000715256
4.21593750715256
4.01593750715256
3.81593750715256
3.58375000715256
3.33593750715256
3.15187500715256
2.77593750715256
2.52781250715256
2.20781250715256
1.94375000715256
1.60781250715256
1.18375000715256
0.847812507152557
0.383750007152557
-0.104062492847443
-0.519999992847443
-1.09624999284744
-1.66406249284744
-2.02406249284744
-2.23218749284744
-2.57624999284744
-2.84812499284744
-3.14406249284744
-3.44812499284744
-3.71218749284744
-3.94406249284744
-4.21624999284744
-4.37624999284744
-4.63218749284744
-4.81624999284744
-4.95999999284744
-5.13624999284744
-5.27999999284744
-5.43218749284744
-5.47999999284744
-5.62406249284744
-5.62406249284744
-5.63218749284744
-5.69624999284744
-5.71218749284744
-5.67218749284744
-5.65624999284744
-5.55218749284744
-5.51999999284744
-5.35999999284744
-5.22406249284744
-5.03218749284744
-4.79218749284744
-4.58406249284744
-4.21624999284744
-3.96812499284744
-3.67218749284744
-3.36812499284744
-3.01624999284744
-2.67218749284744
-2.40812499284744
-2.03218749284744
-1.74406249284744
-1.39999999284744
-1.03999999284744
-0.688124992847443
-0.359999992847443
-0.0881249928474426
0.135937507152557
0.351875007152557
0.767812507152557
1.08781250715256
1.40000000715256
1.72000000715256
2.08781250715256
2.38375000715256
2.60781250715256
2.89593750715256
3.20781250715256
3.44781250715256
3.68000000715256
3.91187500715256
4.14375000715256
4.34375000715256
4.49593750715256
4.61593750715256
4.79187500715256
4.88781250715256
4.95187500715256
5.04000000715256
5.08000000715256
5.17593750715256
5.12000000715256
5.12781250715256
5.14375000715256
5.10375000715256
5.07187500715256
4.97593750715256
4.92781250715256
4.83187500715256
4.72781250715256
4.53593750715256
4.35187500715256
4.17593750715256
4.05593750715256
3.77593750715256
3.55187500715256
3.33593750715256
3.02375000715256
2.80000000715256
2.53593750715256
2.25593750715256
1.92781250715256
1.67187500715256
1.29593750715256
0.895937507152557
0.431875007152557
-0.0640624928474426
-0.544062492847443
-1.08812499284744
-1.59999999284744
-1.99218749284744
-2.25624999284744
-2.54406249284744
-2.82406249284744
-3.08812499284744
-3.38406249284744
-3.64812499284744
-3.91218749284744
-4.13624999284744
-4.44812499284744
-4.61624999284744
-4.76812499284744
-4.99999999284744
-5.17624999284744
-5.26406249284744
-5.44812499284744
-5.51218749284744
-5.56812499284744
-5.63218749284744
-5.63218749284744
-5.67999999284744
-5.67218749284744
-5.62406249284744
-5.60812499284744
-5.55218749284744
-5.52812499284744
-5.40812499284744
-5.27218749284744
-5.06406249284744
-4.84812499284744
-4.53624999284744
-4.21624999284744
-4.02406249284744
-3.67218749284744
-3.35218749284744
-2.98406249284744
-2.72812499284744
-2.36812499284744
-2.08812499284744
-1.71218749284744
-1.41624999284744
-1.07218749284744
-0.736249992847443
-0.424062492847443
-0.0962499928474426
0.103750007152557
0.311875007152557
0.703750007152557
1.05593750715256
1.36781250715256
1.74375000715256
2.01593750715256
2.32781250715256
2.61593750715256
2.92781250715256
3.19187500715256
3.48000000715256
3.68000000715256
3.87187500715256
4.13593750715256
4.32000000715256
4.43187500715256
4.61593750715256
4.75187500715256
4.82375000715256
4.94375000715256
5.02375000715256
5.02375000715256
5.11187500715256
5.14375000715256
5.15187500715256
5.16000000715256
5.10375000715256
5.13593750715256
5.00000000715256
4.94375000715256
4.74375000715256
4.73593750715256
4.54375000715256
4.41593750715256
4.20000000715256
3.99187500715256
3.81593750715256
3.60000000715256
3.32781250715256
3.09593750715256
2.81593750715256
2.56781250715256
2.27187500715256
1.96000000715256
1.62375000715256
1.23187500715256
0.895937507152557
0.383750007152557
-0.0640624928474426
-0.456249992847443
-1.03999999284744
-1.60812499284744
-1.97624999284744
-2.23999999284744
-2.55218749284744
-2.85624999284744
-3.10406249284744
-3.40812499284744
-3.65624999284744
-3.95999999284744
-4.15218749284744
-4.36812499284744
-4.60812499284744
-4.79218749284744
-4.99218749284744
-5.14406249284744
-5.27999999284744
-5.39999999284744
-5.47218749284744
-5.55999999284744
-5.63999999284744
-5.68812499284744
-5.68812499284744
-5.66406249284744
-5.66406249284744
-5.63218749284744
-5.59218749284744
-5.52812499284744
-5.45624999284744
-5.26406249284744
-5.04812499284744
-4.82406249284744
-4.55218749284744
-4.24812499284744
-3.99999999284744
-3.70406249284744
-3.31999999284744
-3.01624999284744
-2.71999999284744
-2.37624999284744
-2.07218749284744
-1.72812499284744
-1.43218749284744
-1.07999999284744
-0.752187492847443
-0.464062492847443
-0.144062492847443
0.120000007152557
0.335937507152557
0.727812507152557
1.04781250715256
1.36000000715256
1.68000000715256
2.05593750715256
2.32781250715256
2.63187500715256
2.85593750715256
3.21593750715256
3.45593750715256
3.64000000715256
3.88781250715256
4.12781250715256
4.30375000715256
4.44781250715256
4.60000000715256
4.72000000715256
4.85593750715256
4.93593750715256
4.98375000715256
5.00781250715256
5.08781250715256
5.13593750715256
5.16781250715256
5.14375000715256
5.05593750715256
5.08000000715256
5.03187500715256
4.96000000715256
4.80781250715256
4.70375000715256
4.52000000715256
4.39187500715256
4.21593750715256
4.02375000715256
3.84000000715256
3.62375000715256
3.31187500715256
3.05593750715256
2.90375000715256
2.56781250715256
2.28000000715256
1.93593750715256
1.63187500715256
1.26375000715256
0.920000007152557
0.455937507152557
-0.0881249928474426
-0.472187492847443
-1.01624999284744
-1.59218749284744
-1.99999999284744
-2.23218749284744
-2.51999999284744
-2.87999999284744
-3.11218749284744
-3.38406249284744
-3.65624999284744
-3.95999999284744
-4.15999999284744
-4.39218749284744
-4.56812499284744
-4.79218749284744
-4.98406249284744
-5.15999999284744
-5.30406249284744
-5.40812499284744
-5.47999999284744
-5.60812499284744
-5.61624999284744
-5.67218749284744
-5.70406249284744
-5.68812499284744
-5.67218749284744
-5.63218749284744
-5.59218749284744
-5.49624999284744
-5.39218749284744
-5.26406249284744
-5.07999999284744
-4.82406249284744
-4.52812499284744
-4.27218749284744
-4.01624999284744
-3.68812499284744
-3.35999999284744
-3.00812499284744
-2.69624999284744
-2.39999999284744
-2.11218749284744
-1.75218749284744
-1.44812499284744
-1.09624999284744
-0.752187492847443
-0.408124992847443
-0.136249992847443
0.143750007152557
0.335937507152557
0.663750007152557
1.08781250715256
1.36000000715256
1.67187500715256
1.99187500715256
2.31187500715256
2.59187500715256
2.88000000715256
3.20781250715256
3.35187500715256
3.67187500715256
3.92000000715256
4.16000000715256
4.34375000715256
4.48781250715256
4.65593750715256
4.76781250715256
4.84000000715256
4.96000000715256
5.01593750715256
5.02375000715256
5.01593750715256
5.12000000715256
5.16000000715256
5.17593750715256
5.15187500715256
5.12000000715256
5.04000000715256
4.88781250715256
4.85593750715256
4.73593750715256
4.57593750715256
4.37593750715256
4.20000000715256
4.04781250715256
3.79187500715256
3.65593750715256
3.36781250715256
3.16000000715256
2.84000000715256
2.53593750715256
2.29593750715256
1.98375000715256
1.63187500715256
1.30375000715256
0.951875007152557
0.471875007152557
-0.0640624928474426
-0.464062492847443
-1.02406249284744
-1.62406249284744
-1.99999999284744
-2.20812499284744
-2.47999999284744
-2.83999999284744
-3.07999999284744
-3.32812499284744
-3.69624999284744
-3.90406249284744
-4.11218749284744
-4.33624999284744
-4.56812499284744
-4.73624999284744
-4.92812499284744
-5.14406249284744
-5.27218749284744
-5.39218749284744
-5.51999999284744
-5.55218749284744
-5.59999999284744
-5.68812499284744
-5.68812499284744
-5.65624999284744
-5.63218749284744
-5.65624999284744
-5.59218749284744
-5.51218749284744
-5.35999999284744
-5.26406249284744
-5.05624999284744
-4.86406249284744
-4.58406249284744
-4.25624999284744
-4.03218749284744
-3.68812499284744
-3.42406249284744
-3.06406249284744
-2.71218749284744
-2.41624999284744
-2.10406249284744
-1.75218749284744
-1.47218749284744
-1.14406249284744
-0.744062492847443
-0.432187492847443
-0.119999992847443
0.0878125071525574
0.343750007152557
0.727812507152557
1.05593750715256
1.26375000715256
1.66375000715256
1.97593750715256
2.30375000715256
2.60000000715256
2.85593750715256
3.18375000715256
3.40000000715256
3.64000000715256
3.90375000715256
4.11187500715256
4.30375000715256
4.44781250715256
4.61593750715256
4.72000000715256
4.80000000715256
4.96000000715256
5.04000000715256
5.07187500715256
5.09593750715256
5.14375000715256
5.09593750715256
5.17593750715256
5.12781250715256
5.06375000715256
5.04781250715256
4.89593750715256
4.79187500715256
4.72000000715256
4.59187500715256
4.32781250715256
4.21593750715256
4.10375000715256
3.83187500715256
3.58375000715256
3.40000000715256
3.12000000715256
2.87187500715256
2.58375000715256
2.30375000715256
2.00781250715256
1.70375000715256
1.36000000715256
0.967812507152557
0.487812507152557
0.0318750071525574
-0.424062492847443
-0.968124992847443
-1.55218749284744
-1.95218749284744
-2.20812499284744
-2.51999999284744
-2.83218749284744
-3.06406249284744
-3.34406249284744
-3.61624999284744
-3.90406249284744
-4.12812499284744
-4.32812499284744
-4.56812499284744
-4.72812499284744
-4.95999999284744
-5.09624999284744
-5.27999999284744
-5.35218749284744
-5.41624999284744
-5.57624999284744
-5.63218749284744
-5.70406249284744
-5.66406249284744
-5.68812499284744
-5.70406249284744
-5.66406249284744
-5.61624999284744
-5.56812499284744
-5.40812499284744
-5.25624999284744
-5.10406249284744
-4.83999999284744
-4.55999999284744
-4.31999999284744
-4.01624999284744
-3.76812499284744
-3.39218749284744
-3.05624999284744
-2.79218749284744
-2.40812499284744
-2.07218749284744
-1.78406249284744
-1.39999999284744
-1.09624999284744
-0.808124992847443
-0.432187492847443
-0.184062492847443
0.0559375071525574
0.303750007152557
0.695937507152557
1.08781250715256
1.33593750715256
1.64781250715256
1.98375000715256
2.28781250715256
2.61593750715256
2.87187500715256
3.12000000715256
3.43187500715256
3.64781250715256
3.88000000715256
4.07187500715256
4.32000000715256
4.48000000715256
4.63187500715256
4.74375000715256
4.81593750715256
4.92781250715256
5.01593750715256
5.00781250715256
5.10375000715256
5.14375000715256
5.16000000715256
5.14375000715256
5.14375000715256
5.09593750715256
5.03187500715256
4.96000000715256
4.84781250715256
4.71187500715256
4.56781250715256
4.40000000715256
4.20781250715256
4.07187500715256
3.84781250715256
3.61593750715256
3.38375000715256
3.12000000715256
2.88000000715256
2.57593750715256
2.33593750715256
2.00000000715256
1.69593750715256
1.32000000715256
0.967812507152557
0.495937507152557
0.0159375071525574
-0.408124992847443
-0.928124992847443
-1.53624999284744
-1.95218749284744
-2.22406249284744
-2.47999999284744
-2.78406249284744
-3.07218749284744
-3.36812499284744
-3.70406249284744
-3.91218749284744
-4.11218749284744
-4.35218749284744
-4.51218749284744
-4.75218749284744
-4.93624999284744
-5.07218749284744
-5.25624999284744
-5.35218749284744
-5.44812499284744
-5.56812499284744
-5.59999999284744
-5.66406249284744
-5.72812499284744
-5.65624999284744
-5.69624999284744
-5.63999999284744
-5.60812499284744
-5.51218749284744
-5.39218749284744
-5.21624999284744
-5.09624999284744
-4.84812499284744
-4.59999999284744
-4.27218749284744
-4.06406249284744
-3.76812499284744
-3.37624999284744
-3.09624999284744
-2.75218749284744
-2.45624999284744
-2.09624999284744
-1.79218749284744
-1.49624999284744
-1.11218749284744
-0.824062492847443
-0.464062492847443
-0.176249992847443
0.0237500071525574
0.280000007152557
0.663750007152557
1.03187500715256
1.32781250715256
1.63187500715256
1.96781250715256
2.24781250715256
2.48000000715256
2.85593750715256
3.14375000715256
3.38375000715256
3.61593750715256
3.84000000715256
4.08781250715256
4.25593750715256
4.43187500715256
4.58375000715256
4.78375000715256
4.89593750715256
4.92781250715256
4.99187500715256
5.04000000715256
5.10375000715256
5.06375000715256
5.16000000715256
5.14375000715256
5.20000000715256
5.06375000715256
5.05593750715256
4.92781250715256
4.88781250715256
4.67187500715256
4.58375000715256
4.38375000715256
4.24000000715256
4.04000000715256
3.88000000715256
3.64781250715256
3.37593750715256
3.14375000715256
2.91187500715256
2.60781250715256
2.28781250715256
1.99187500715256
1.71187500715256
1.29593750715256
1.00781250715256
0.487812507152557
0.0318750071525574
-0.384062492847443
-0.912187492847443
-1.56812499284744
-1.93624999284744
-2.23999999284744
-2.49624999284744
-2.77624999284744
-3.03999999284744
-3.31999999284744
-3.64812499284744
-3.84812499284744
-4.16812499284744
-4.35999999284744
-4.57624999284744
-4.73624999284744
-4.92812499284744
-5.07218749284744
-5.26406249284744
-5.35999999284744
-5.39999999284744
-5.51218749284744
-5.57624999284744
-5.62406249284744
-5.66406249284744
-5.69624999284744
-5.62406249284744
-5.66406249284744
-5.59218749284744
-5.53624999284744
-5.39999999284744
-5.28812499284744
-5.13624999284744
-4.95218749284744
-4.56812499284744
-4.31999999284744
-4.04812499284744
-3.75999999284744
-3.40812499284744
-3.09624999284744
-2.73624999284744
-2.45624999284744
-2.12812499284744
-1.76812499284744
-1.48812499284744
-1.08812499284744
-0.744062492847443
-0.448124992847443
-0.144062492847443
0.0559375071525574
0.263750007152557
0.623750007152557
0.983750007152557
1.31187500715256
1.66375000715256
1.98375000715256
2.23187500715256
2.58375000715256
2.90375000715256
3.14375000715256
3.41593750715256
3.68000000715256
3.88000000715256
4.09593750715256
4.34375000715256
4.44000000715256
4.57593750715256
4.75187500715256
4.84781250715256
4.90375000715256
4.99187500715256
5.03187500715256
5.09593750715256
5.12781250715256
5.13593750715256
5.12000000715256
5.16000000715256
5.10375000715256
5.00781250715256
4.95187500715256
4.85593750715256
4.76000000715256
4.60781250715256
4.40781250715256
4.24000000715256
4.11187500715256
3.83187500715256
3.59187500715256
3.37593750715256
3.16781250715256
2.87187500715256
2.60000000715256
2.30375000715256
2.04000000715256
1.72000000715256
1.35187500715256
0.991875007152558
0.520000007152557
0.0318750071525574
-0.376249992847443
-0.888124992847443
-1.45624999284744
-1.91218749284744
-2.15999999284744
-2.43218749284744
-2.80812499284744
-3.05624999284744
-3.29624999284744
-3.58406249284744
-3.85624999284744
-4.10406249284744
-4.35218749284744
-4.53624999284744
-4.71218749284744
-4.96812499284744
-5.09624999284744
-5.23218749284744
-5.35999999284744
-5.48812499284744
-5.55999999284744
-5.60812499284744
-5.65624999284744
-5.64812499284744
-5.67999999284744
-5.69624999284744
-5.63999999284744
-5.61624999284744
-5.55999999284744
-5.45624999284744
-5.29624999284744
-5.10406249284744
-4.86406249284744
-4.59999999284744
-4.35999999284744
-4.03218749284744
-3.71999999284744
-3.45624999284744
-3.07218749284744
-2.75999999284744
-2.47218749284744
-2.16812499284744
-1.83218749284744
-1.50406249284744
-1.15999999284744
-0.768124992847443
-0.432187492847443
-0.184062492847443
0.111875007152557
0.223750007152557
0.640000007152557
1.03187500715256
1.32781250715256
1.56000000715256
