0.0719999861717222
0.115124983601272
0.187124979309738
0.271124974302947
0.350343719581142
0.43199996471405
0.53278120870702
0.647999951839447
0.741562446262687
0.868781188679859
1.01034368024208
1.13999992251396
1.28399991393089
1.40878115649335
1.50234365091659
1.61756239404902
1.72799988746643
1.84556238045916
1.94399987459183
2.06878111715429
2.21512485843152
2.33034360156395
2.46234359369613
2.57999983668327
2.71199982881546
2.84878107066266
2.97834356294014
3.08156230678782
3.21112479906529
3.33112479191273
3.41512478690594
3.49678103203885
3.59278102631681
3.66956227174029
3.72956226816401
3.79434351430275
3.83512476187199
3.88556225886568
3.94078100557439
3.97912475328892
4.01278100128286
4.05112474899739
4.09434349642135
4.10156224599108
4.12799974441528
4.1327809941303
4.12799974441528
4.12799974441528
4.13756224384531
4.15434349284507
4.15678099269979
4.1615622424148
4.17834349141456
4.19034349069931
4.19278099055402
4.19512474041432
4.20712473969907
4.21912473898381
4.22399973869324
4.21434348926879
4.20956223955378
4.14478099341504
4.0247810005676
3.83999976158142
3.62634352431633
3.35278104062192
3.10312480550259
2.86078106994741
2.63999983310699
2.42878109569661
2.24156235685572
2.04956236829981
1.86478112931363
1.6943436394725
1.51199990034103
1.36312490921468
1.18799991965294
1.05599992752075
0.92878118510358
0.772781194401905
0.657562451269478
0.544781207991764
0.419999965429306
0.333562470581382
0.232781226588413
0.158343731025234
0.0887812351714818
0.0287812387477606
-0.00965625896118594
-0.0384375072456897
-0.0360000073909761
-0.0360000073909761
-0.00721875910647229
0.0167812394630162
-9.53674339498889E-09
0.00956248989328734
0.0431249878928064
0.0479999876022337
0.0599999868869781
0.122343733171001
0.182343729594722
0.254343725303188
0.335999970436096
0.436781214429065
0.518343709567562
0.635999952554703
0.770343694547191
0.871124938540161
1.00078118081205
1.14478117222898
1.29112491350621
1.40634365663864
1.50712490063161
1.60312489490956
1.71112488847226
1.82156238188967
1.95112487416714
2.07834361658432
2.20078110928647
2.32799985170364
2.45756234398112
2.57512483697385
2.70956232896075
2.83678107137792
2.95912481408566
3.07912480693311
3.20156229963526
3.30712479334325
3.39356228819117
3.50399978160858
3.58556227674708
3.65999977231026
3.73912476759404
3.79912476401776
3.83512476187199
3.88312475901097
3.92399975657463
3.98399975299835
4.01999975085258
4.05599974870682
4.09678099627607
4.10156224599108
4.11599974513054
4.12799974441528
4.1351247439906
4.1351247439906
4.14234349356033
4.13756224384531
4.17112474184483
4.15434349284507
4.15912474256009
4.19512474041432
4.19999974012375
4.19999974012375
4.22634348855354
4.20234348998405
4.21434348926879
4.21434348926879
4.20712473969907
4.14234349356033
4.04399974942207
3.84712476115674
3.60712477546185
3.3743435393367
3.11278105492704
2.87756231894717
2.64478108282201
2.4551248441264
2.24156235685572
2.05912486772984
1.87199987888336
1.6943436394725
1.52156239977106
1.36312490921468
1.19999991893768
1.05356242766604
0.940781184388325
0.801562442686409
0.652781201554462
0.535124958567321
0.429562464859337
0.328781220866367
0.247124975733459
0.163124980740249
0.0695624863170086
0.0335624884627759
-0.00243750939145704
-0.0264375079609456
-0.0312187576759608
-0.0288750078156592
-0.0168750085309148
0.0215624891780315
0.0191249893233179
0.0191249893233179
0.0383437381777911
0.0359999883174895
0.0743437360320238
0.117562483455986
0.177562479879707
0.247124975733459
0.321562471296638
0.429562464859337
0.525562459137291
0.64312495213002
0.755999945402145
0.856781189395115
1.00078118081205
1.13278117294423
1.27678116436116
1.39678115720861
1.51678115005605
1.612781144334
1.70634363875724
1.81678113217466
1.94634362445213
2.0735623668693
2.18399986028671
2.3159998524189
2.44556234469637
2.57512483697385
2.697562329676
2.82478107209317
2.95678106422536
3.08156230678782
3.20156229963526
3.31678104276769
3.4031247876212
3.49678103203885
3.58312477689236
3.66956227174029
3.73434351787902
3.78478101487272
3.84234351144172
3.88078100915067
3.95278100485913
3.98399975299835
4.01034350142814
4.04634349928238
4.09434349642135
4.09678099627607
4.11599974513054
4.12556224456057
4.12799974441528
4.12799974441528
4.14234349356033
4.14234349356033
4.15678099269979
4.16399974226952
4.17599974155426
4.19278099055402
4.19034349069931
4.21434348926879
4.20956223955378
4.23112473826856
4.21912473898381
4.21678098912351
4.19512474041432
4.16399974226952
4.04878099913709
3.83756226172671
3.60712477546185
3.38399978876114
3.11999980449677
2.8871248183772
2.6687810813915
2.44799984455109
2.2631248555705
2.06634361729957
1.86956237902865
1.69912488918751
1.54556239834055
1.3679999089241
1.2047811686527
1.06078117723577
0.938343684533611
0.799124942831695
0.659999951124191
0.561562456991523
0.434343714574352
0.340781220151111
0.237562476303428
0.158343731025234
0.0983437346015124
0.0287812387477606
0.00234374032355822
-0.0264375079609456
-0.0384375072456897
-0.0360000073909761
-0.0192187583912165
-0.00965625896118594
0.0215624891780315
0.0215624891780315
0.0407812380325048
0.04556248774752
0.0719999861717222
0.115124983601272
0.177562479879707
0.254343725303188
0.331124970726669
0.417562465574592
0.525562459137291
0.614343703845516
0.753562445547432
0.868781188679859
1.00556243052706
1.15434367165901
1.27434366450645
1.41356240620837
1.49278115148656
1.60078114504926
1.71356238832697
1.82156238188967
1.94156237473711
2.06399986743927
2.20312485914677
2.3159998524189
2.44556234469637
2.57034358725883
2.70478107924573
2.82712482195348
2.94956231465563
3.0767810570728
3.20156229963526
3.30234354362823
3.4007810377609
3.49678103203885
3.58312477689236
3.66234352217056
3.71999976873398
3.79912476401776
3.83512476187199
3.8879997587204
3.93356225600466
3.98156225314364
4.01756225099787
4.0535622488521
4.08478099699132
4.1063434957061
4.11599974513054
4.1351247439906
4.12556224456057
4.12312474470586
4.14234349356033
4.14956224313006
4.16878099198453
4.16634349212982
4.19034349069931
4.19034349069931
4.187999740839
4.20478098983876
4.20234348998405
4.21434348926879
4.22399973869324
4.22156223883852
4.20478098983876
4.15434349284507
4.05834349856712
3.85912476044148
3.62634352431633
3.38878103847615
3.12712480407208
2.8847810685169
2.67356233110651
2.45756234398112
2.27999985456467
2.06156236758456
1.88634362802841
1.71112488847226
1.54312489848584
1.38478115792386
1.22156241765246
1.07999992609024
0.92878118510358
0.789562443401664
0.652781201554462
0.547124957852065
0.44878121371381
0.335999970436096
0.239999976158142
0.175124980024993
0.11278123374097
0.0479999876022337
-0.00243750939145704
-0.0264375079609456
-0.0384375072456897
-0.0144375086762012
-0.0168750085309148
-9.53674339498889E-09
0.0191249893233179
0.0287812387477606
0.0407812380325048
0.0359999883174895
0.0695624863170086
0.110343733886257
0.175124980024993
0.242343726018444
0.333562470581382
0.403124966435134
0.523124959282577
0.633562452699989
0.739124946407974
0.86156243911013
1.00556243052706
1.13278117294423
1.27434366450645
1.38956240763888
1.4759999024868
1.60078114504926
1.71112488847226
1.81434363231994
1.9391248748824
2.03999986886978
2.19112485986203
2.30634360299446
2.43112484555691
2.5631248376891
2.69512482982129
2.82234357223846
2.96634356365539
3.06956230750307
3.1847810506355
3.30712479334325
3.41034353719093
3.48956228246912
3.59278102631681
3.66956227174029
3.73199976801872
3.79434351430275
3.84234351144172
3.88312475901097
3.93834350571968
3.97678100342862
4.00799975156784
4.04634349928238
4.08712474685162
4.09912474613637
4.12556224456057
4.13034349427559
4.13999974370003
4.14234349356033
4.14478099341504
4.15199974298477
4.15199974298477
4.1615622424148
4.18078099126928
4.187999740839
4.19512474041432
4.19756224026904
4.20478098983876
4.21912473898381
4.21678098912351
4.24556223740801
4.21199973940849
4.17112474184483
4.05112474899739
3.87599975943565
3.63599977374077
3.38878103847615
3.12712480407208
2.90156231751665
2.6687810813915
2.47434359298088
2.26078110571019
2.06878111715429
1.89112487774342
1.71599988818169
1.54799989819527
1.38234365806915
1.23599991679192
1.07278117652051
0.943124934248626
0.808781192256138
0.68399994969368
0.568781206561252
0.443999963998794
0.340781220151111
0.259124975018203
0.170343730309978
0.0959999847412107
0.0359999883174895
-0.00965625896118594
-0.0216562582459303
-0.0336562575306745
-0.0360000073909761
-0.0216562582459303
0.00478124017827208
0.0239999890327451
0.0143437396083026
0.0383437381777911
0.0407812380325048
0.0791249857470391
0.117562483455986
0.177562479879707
0.239999976158142
0.328781220866367
0.417562465574592
0.51599995970726
0.614343703845516
0.734343696692958
0.84478119011037
0.998343680957332
1.11112492423505
1.25278116579168
1.39678115720861
1.4783436523471
1.59599989533424
1.69912488918751
1.81678113217466
1.93199987530708
2.05678111786954
2.17434361086227
2.3183436022792
2.43112484555691
2.55599983811378
2.69512482982129
2.81756232252345
2.94712481480092
3.05999980807304
3.18234355078079
3.2927810441982
3.39356228819117
3.49678103203885
3.57834352717735
3.65999977231026
3.73434351787902
3.77512476544827
3.84478101129644
3.88078100915067
3.93356225600466
3.96478100414388
3.9983435021434
4.04878099913709
4.08234349713661
4.09912474613637
4.12078099484555
4.12312474470586
4.1327809941303
4.1327809941303
4.13756224384531
4.13756224384531
4.16399974226952
4.15199974298477
4.17112474184483
4.19278099055402
4.19034349069931
4.20956223955378
4.20712473969907
4.20478098983876
4.21678098912351
4.20478098983876
4.21199973940849
4.15434349284507
4.04878099913709
3.88556225886568
3.65999977231026
3.39834353790619
3.1583435522113
2.90878106708638
2.6687810813915
2.47678109283559
2.27512485485524
2.08799986600876
1.88878112788312
1.73278113718145
1.55999989748001
1.40156240692362
1.23112491708249
1.08956242552027
0.947999933958053
0.803999942541122
0.669562450554222
0.556781207276508
0.443999963998794
0.350343719581142
0.242343726018444
0.182343729594722
0.0911249850317835
0.0383437381777911
-0.00487500924617068
-0.0192187583912165
-0.0384375072456897
-0.0288750078156592
-0.0192187583912165
-9.53674339498889E-09
0.00478124017827208
0.0215624891780315
0.0239999890327451
0.0647812366019933
0.0647812366019933
0.105562484171241
0.170343730309978
0.239999976158142
0.314343721726909
0.412781215859577
0.506343710282817
0.621562453415245
0.734343696692958
0.839999940395355
0.986343681672588
1.11599992394447
1.26478116507642
1.38234365806915
1.49512490134686
1.58878114576451
1.69912488918751
1.79512488346547
1.92478112573735
2.05199986815453
2.18399986028671
2.28478110427968
2.41912484627217
2.54399983882904
2.68799983024597
2.81034357295372
2.93512481551617
3.05999980807304
3.19199980020523
3.30478104348294
3.4007810377609
3.47999978303909
3.5639997780323
3.66478102202527
3.71278101916425
3.76799976587296
3.82556226244196
3.87599975943565
3.93599975585938
3.97912475328892
4.01278100128286
4.04156224956736
4.08712474685162
4.09434349642135
4.12556224456057
4.1063434957061
4.1327809941303
4.1351247439906
4.14234349356033
4.14956224313006
4.13999974370003
4.17112474184483
4.18078099126928
4.18078099126928
4.19756224026904
4.21199973940849
4.20478098983876
4.20956223955378
4.21678098912351
4.21434348926879
4.20712473969907
4.16634349212982
4.05834349856712
3.89756225815043
3.65999977231026
3.42478103633039
3.16078105206601
2.90878106708638
2.68312483053654
2.49356234183535
2.28478110427968
2.09034361586906
1.91512487631291
1.72799988746643
1.56234364734031
1.39912490706891
1.23834366665222
1.09434367523529
0.967124932818115
0.820781191540882
0.68399994969368
0.568781206561252
0.453562463428825
0.350343719581142
0.261562474872917
0.177562479879707
0.103124984316528
0.0503437374625353
-0.00721875910647229
-0.0312187576759608
-0.0384375072456897
-0.0336562575306745
-0.0120000088214876
-9.53674339498889E-09
0.0143437396083026
0.00956248989328734
0.011999989748001
0.0383437381777911
0.0743437360320238
0.0959999847412107
0.175124980024993
0.237562476303428
0.309562472011894
0.39112496715039
0.499124960713088
0.614343703845516
0.719999947547912
0.847124939970672
0.979124932102859
1.10878117437474
1.24799991607666
1.37999990820885
1.49999990105629
1.59356239547953
1.70156238904223
1.81912488203496
1.92478112573735
2.05678111786954
2.17912486057729
2.28478110427968
2.41434359655716
2.55112483840436
2.68078108067624
2.81999982237816
2.94478106494062
3.0479998087883
3.16556230178103
3.29999979376793
3.37912478905171
3.47278103346936
3.57112477760762
3.65512477260083
3.71512476902455
3.77278101558797
3.82312476258725
3.88312475901097
3.92399975657463
3.95512475471944
4.00078100199811
4.03912474971265
4.06312474828214
4.11112474542111
4.11356224527583
4.13999974370003
4.13756224384531
4.14234349356033
4.1351247439906
4.14234349356033
4.14956224313006
4.16878099198453
4.18078099126928
4.19756224026904
4.19756224026904
4.19999974012375
4.21434348926879
4.19999974012375
4.21912473898381
4.22634348855354
4.20478098983876
4.16634349212982
4.07999974727631
3.90234350786544
3.671999771595
3.41512478690594
3.16312480192632
2.94712481480092
2.70234357939102
2.49834359155037
2.30399985313416
2.09278111572377
1.9103436265979
1.74956238618121
1.56956239691004
1.39912490706891
1.24078116650693
1.11599992394447
0.957562433388084
0.835124940685928
0.688781199408695
0.590343705276027
0.44878121371381
0.352781219435856
0.273562474157661
0.177562479879707
0.110343733886257
0.0407812380325048
0.00234374032355822
-0.0192187583912165
-0.0384375072456897
-0.0288750078156592
-0.00965625896118594
-9.53674339498889E-09
0.0191249893233179
0.0263437388930468
0.0239999890327451
0.0551249871775505
0.0719999861717222
0.11278123374097
0.172781230164692
0.232781226588413
0.30712497215718
0.400781216574833
0.494343710998073
0.607124954275787
0.724781197262928
0.842343690255657
0.969562432672828
1.10878117437474
1.24312491636723
1.37512490849942
1.48312490206212
1.5839998960495
1.69678113932721
1.79034363375045
1.91999987602234
2.0471248684451
2.17434361086227
2.29199985384941
2.41199984669685
2.53912483911961
2.67356233110651
2.79599982380867
2.93278106565587
3.0503435586486
3.17034355149604
3.28078104491346
3.38156228890643
3.4823435328994
3.57112477760762
3.6455622731708
3.72478101844899
3.76556226601824
3.83034351215698
3.8903435085807
3.92156225671992
3.96956225385889
4.00556225171313
4.04634349928238
4.08234349713661
4.11599974513054
4.13034349427559
4.12312474470586
4.14712474327535
4.15199974298477
4.14234349356033
4.14712474327535
4.15434349284507
4.1615622424148
4.15434349284507
4.18556224098429
4.187999740839
4.20478098983876
4.20478098983876
4.20234348998405
4.22156223883852
4.20478098983876
4.20712473969907
4.17599974155426
4.08234349713661
3.90956225743517
3.68399977087975
3.43912478547543
3.18956230035052
2.9399998152256
2.71912482839078
2.49356234183535
2.2895623539947
2.12156236400828
1.92234362588264
1.75199988603592
1.5863436459098
1.41356240620837
1.24799991607666
1.09678117509
0.964781182957813
0.827999941110611
0.686343699553981
0.580781205845997
0.45834371314384
0.355124969296157
0.261562474872917
0.167999980449676
0.119999983310699
0.0551249871775505
0.00956248989328734
-0.0312187576759608
-0.0288750078156592
-0.0360000073909761
-0.0192187583912165
0.0143437396083026
0.0071249900385737
0.0263437388930468
0.0359999883174895
0.0383437381777911
0.0575624870322644
0.100781234456226
0.153562481310219
0.22312497716397
0.311999971866608
0.400781216574833
0.506343710282817
0.597562454845756
0.71034369812347
0.849562439825386
0.971999932527542
1.10156242480502
1.24556241622195
1.38712490778416
1.48799990177155
1.56956239691004
1.67756239047274
1.78556238403544
1.91512487631291
2.03999986886978
2.16956236114725
2.27512485485524
2.41678109641187
2.54634358868934
2.6711248312518
2.8055623232387
2.93512481551617
3.05278105850332
3.16078105206601
3.27599979519844
3.38399978876114
3.46799978375435
3.54712477903813
3.6455622731708
3.70078101987951
3.76078101630323
3.81356226315722
3.85912476044148
3.93112475614995
3.97678100342862
4.00556225171313
4.0535622488521
4.07999974727631
4.09678099627607
4.11112474542111
4.1327809941303
4.1351247439906
4.1351247439906
4.14712474327535
4.14712474327535
4.15434349284507
4.14478099341504
4.17834349141456
4.19034349069931
4.19999974012375
4.20234348998405
4.21678098912351
4.21678098912351
4.22634348855354
4.21912473898381
4.20478098983876
4.18556224098429
4.09912474613637
3.92156225671992
3.69834352002479
3.43912478547543
3.18956230035052
2.95199981451035
2.71678107853048
2.51756234040484
2.30399985313416
2.10712486486882
1.94399987459183
1.74478113646619
1.59112489562482
1.4231249056384
1.2599999153614
1.09678117509
0.967124932818115
0.825562441255897
0.705562448408455
0.578343705991283
0.446343713859096
0.369562468435615
0.26399997472763
0.189562479164451
0.115124983601272
0.0431249878928064
0.0143437396083026
-0.0288750078156592
-0.0288750078156592
-0.0360000073909761
-0.00965625896118594
0.00234374032355822
0.0071249900385737
0.0431249878928064
0.0239999890327451
0.0311249886080622
0.0647812366019933
0.117562483455986
0.167999980449676
0.232781226588413
0.314343721726909
0.395999966859817
0.491999961137771
0.614343703845516
0.705562448408455
0.837562440540641
0.950343683818355
1.10399992465973
1.23599991679192
1.36312490921468
1.48312490206212
1.57912489634007
1.6943436394725
1.82399988174438
1.91512487631291
2.0471248684451
