78.1187461853027
75.8390586853027
74.3593711853027
73.5999961853027
72.7999961853027
71.8796836853027
70.7593711853027
69.3593711853027
67.9187461853027
66.7593711853027
65.1593711853027
63.6796836853027
61.7593711853027
59.7593711853027
56.9999961853027
54.0390586853027
51.4390586853027
48.7593711853027
45.7187461853027
43.3187461853027
40.5187461853027
37.5999961853027
35.3593711853027
32.5187461853027
30.1999961853027
28.1187461853027
25.6796836853027
23.5593711853027
22.1593711853027
20.7187461853027
19.2796836853027
17.7999961853027
17.0796836853027
16.3999961853027
15.5187461853027
14.9593711853027
14.3999961853027
13.6796836853027
13.6390586853027
13.1187461853027
12.7187461853027
12.2390586853027
11.9593711853027
11.6796836853027
11.1593711853027
10.9593711853027
10.7593711853027
10.4796836853027
10.6796836853027
10.6390586853027
10.4390586853027
10.5593711853027
11.0390586853027
11.0796836853027
11.3187461853027
11.4796836853027
12.0796836853027
12.7593711853027
13.5593711853027
14.5999961853027
16.3999961853027
20.2796836853027
27.6796836853027
38.9187461853027
47.1999961853027
50.7999961853027
51.9593711853027
53.0390586853027
54.3593711853027
56.1999961853027
58.4390586853027
60.2390586853027
62.5593711853027
64.3999961853027
66.5187461853027
68.1593711853027
70.1187461853027
71.5187461853027
73.2796836853027
74.8390586853027
76.0796836853027
77.1999961853027
77.9187461853027
78.7999961853027
79.4390586853027
79.9187461853027
79.7999961853027
80.0796836853027
79.2796836853027
78.8390586853027
77.6390586853027
76.9187461853027
76.9999961853027
77.3187461853027
78.2390586853027
79.6390586853027
80.4390586853027
80.0796836853027
78.0390586853027
76.0390586853027
74.4796836853027
73.7999961853027
72.9187461853027
71.7187461853027
70.5187461853027
69.1593711853027
68.0796836853027
66.7999961853027
65.1999961853027
63.6390586853027
61.9593711853027
59.7999961853027
56.8796836853027
53.9593711853027
51.3999961853027
48.6796836853027
46.0796836853027
43.3593711853027
40.8390586853027
37.9187461853027
35.3999961853027
32.9187461853027
30.3999961853027
27.9593711853027
25.8390586853027
23.7593711853027
22.1187461853027
20.7593711853027
19.4796836853027
18.4390586853027
17.1999961853027
16.3187461853027
15.5999961853027
15.0796836853027
14.3999961853027
13.9999961853027
13.4796836853027
13.1593711853027
12.8390586853027
12.4796836853027
11.9999961853027
11.7999961853027
11.3593711853027
10.9999961853027
10.8796836853027
10.6390586853027
10.3593711853027
10.5999961853027
10.2390586853027
10.6796836853027
10.6796836853027
11.0390586853027
11.1187461853027
11.3593711853027
12.0390586853027
12.4390586853027
13.4390586853027
14.5187461853027
16.3999961853027
19.7593711853027
27.5593711853027
38.3999961853027
47.0796836853027
50.8390586853027
51.9187461853027
52.9187461853027
54.3593711853027
56.3187461853027
58.3593711853027
60.3187461853027
62.4390586853027
64.2796836853027
66.4796836853027
68.2796836853027
70.0390586853027
71.5999961853027
73.1999961853027
74.6390586853027
75.9593711853027
77.1999961853027
78.1593711853027
78.9187461853027
79.5187461853027
80.0390586853027
79.9999961853027
79.9999961853027
79.5593711853027
78.3593711853027
77.7593711853027
77.0390586853027
77.1593711853027
77.3187461853027
78.3593711853027
79.2796836853027
80.2796836853027
79.9999961853027
78.3187461853027
76.0796836853027
74.4390586853027
73.8390586853027
72.9593711853027
71.8796836853027
70.4796836853027
69.4390586853027
68.3187461853027
66.6390586853027
65.4390586853027
63.7999961853027
61.9999961853027
59.7999961853027
56.7999961853027
54.1999961853027
51.2390586853027
48.7187461853027
46.0390586853027
43.4390586853027
40.7187461853027
38.0390586853027
35.1999961853027
32.9187461853027
30.4390586853027
27.9593711853027
25.7593711853027
23.7593711853027
22.3593711853027
20.5999961853027
19.2390586853027
18.2390586853027
17.0796836853027
16.1593711853027
15.7593711853027
15.1187461853027
14.2796836853027
13.9593711853027
13.4796836853027
13.0796836853027
12.3999961853027
12.2796836853027
12.0390586853027
11.7187461853027
11.3999961853027
11.1593711853027
10.7999961853027
10.3999961853027
10.3999961853027
10.5593711853027
10.5593711853027
10.4796836853027
10.9593711853027
10.7593711853027
11.3187461853027
11.4796836853027
11.9593711853027
12.5999961853027
13.3187461853027
14.5187461853027
16.3999961853027
19.6796836853027
27.0796836853027
38.0390586853027
46.7187461853027
50.4796836853027
51.9187461853027
52.9187461853027
54.3593711853027
56.1187461853027
58.1593711853027
60.2796836853027
62.2390586853027
64.1999961853027
66.0796836853027
68.2796836853027
69.6796836853027
71.5187461853027
72.9593711853027
74.6796836853027
75.5593711853027
77.1593711853027
78.1593711853027
78.6796836853027
79.3999961853027
79.6796836853027
79.9593711853027
79.7999961853027
79.3593711853027
78.4390586853027
77.8796836853027
77.3593711853027
77.0796836853027
77.4796836853027
78.1593711853027
79.5187461853027
80.3187461853027
80.2390586853027
78.5187461853027
76.1187461853027
74.5593711853027
73.6796836853027
72.9187461853027
71.8796836853027
70.8796836853027
69.5593711853027
67.9593711853027
66.9593711853027
65.4796836853027
63.8796836853027
62.0390586853027
59.5999961853027
57.4390586853027
54.1999961853027
51.4796836853027
48.8796836853027
45.8796836853027
43.7593711853027
40.7187461853027
37.9593711853027
35.5999961853027
33.0796836853027
30.7999961853027
28.3593711853027
25.9999961853027
23.8796836853027
22.2390586853027
20.7999961853027
19.5187461853027
18.2390586853027
17.2390586853027
16.3999961853027
15.6796836853027
15.0390586853027
14.6390586853027
13.9593711853027
13.5187461853027
13.0796836853027
12.6796836853027
12.4390586853027
12.0390586853027
11.5593711853027
11.4390586853027
11.1593711853027
10.7593711853027
10.7999961853027
10.4390586853027
10.5593711853027
10.6390586853027
10.5187461853027
10.6390586853027
10.8390586853027
11.0390586853027
11.3187461853027
11.9999961853027
12.5999961853027
13.3187461853027
14.6796836853027
16.0390586853027
19.5999961853027
26.8390586853027
37.4390586853027
46.6390586853027
50.7187461853027
51.7187461853027
52.8796836853027
54.3187461853027
56.2390586853027
58.1593711853027
60.0796836853027
62.2796836853027
64.1999961853027
66.0796836853027
67.9999961853027
69.7593711853027
71.3187461853027
73.0796836853027
74.5593711853027
75.7593711853027
76.9187461853027
78.1593711853027
78.5999961853027
79.3999961853027
79.6390586853027
80.0390586853027
79.6796836853027
79.4390586853027
78.9593711853027
77.7593711853027
76.9593711853027
76.8390586853027
77.5593711853027
78.3187461853027
79.3999961853027
80.1999961853027
80.0796836853027
78.3187461853027
76.2390586853027
74.3593711853027
73.4796836853027
73.1187461853027
71.6796836853027
70.7999961853027
69.5187461853027
68.2796836853027
66.8390586853027
65.5593711853027
63.7999961853027
61.9593711853027
59.8390586853027
57.3187461853027
54.3187461853027
51.7593711853027
49.2390586853027
45.9999961853027
43.4390586853027
40.8796836853027
38.4796836853027
35.5593711853027
32.7999961853027
30.7593711853027
28.4390586853027
25.7999961853027
23.9593711853027
22.2796836853027
20.8796836853027
19.6390586853027
18.4796836853027
17.1593711853027
16.3999961853027
15.8390586853027
15.1187461853027
14.6796836853027
14.0390586853027
13.4796836853027
13.2796836853027
12.9187461853027
12.4390586853027
11.8796836853027
11.7999961853027
11.3187461853027
11.2390586853027
10.7593711853027
10.5999961853027
10.4796836853027
10.3187461853027
10.3187461853027
10.4796836853027
10.7999961853027
11.1999961853027
11.0796836853027
11.5593711853027
12.1187461853027
12.5593711853027
13.4390586853027
14.4796836853027
16.1593711853027
19.2390586853027
26.1999961853027
37.0796836853027
46.3187461853027
50.3999961853027
51.7593711853027
52.5999961853027
54.1187461853027
56.1593711853027
57.9593711853027
59.9593711853027
62.1999961853027
64.1187461853027
65.9593711853027
68.0796836853027
69.6390586853027
71.4390586853027
72.9999961853027
74.5593711853027
75.7593711853027
77.0390586853027
77.9187461853027
78.5593711853027
79.0390586853027
79.9999961853027
79.8796836853027
79.7187461853027
79.4390586853027
78.8796836853027
77.5999961853027
77.0796836853027
77.0390586853027
77.2390586853027
78.2796836853027
79.2796836853027
80.1187461853027
80.3593711853027
78.5593711853027
76.2390586853027
74.8390586853027
73.7999961853027
72.9593711853027
71.8390586853027
70.9187461853027
69.3999961853027
68.3593711853027
66.9999961853027
65.6390586853027
64.0796836853027
62.4390586853027
60.0796836853027
57.3999961853027
54.1593711853027
51.6796836853027
49.3187461853027
46.5593711853027
43.8796836853027
41.1593711853027
38.3593711853027
35.8390586853027
32.8390586853027
30.6390586853027
28.3593711853027
26.1999961853027
23.8796836853027
22.3187461853027
20.5999961853027
19.5187461853027
18.5187461853027
17.3187461853027
16.7187461853027
15.7187461853027
15.1187461853027
14.3593711853027
14.0796836853027
13.8796836853027
13.2390586853027
12.7593711853027
12.4390586853027
11.8390586853027
11.6796836853027
11.5593711853027
10.9999961853027
10.7187461853027
10.8390586853027
10.3999961853027
10.3593711853027
10.4390586853027
10.5593711853027
10.5999961853027
10.9187461853027
11.1593711853027
11.3593711853027
11.8390586853027
12.5187461853027
13.1187461853027
14.3187461853027
15.8390586853027
18.9187461853027
25.9187461853027
36.4796836853027
46.1593711853027
50.4796836853027
51.9593711853027
52.7999961853027
54.0390586853027
55.7999961853027
57.7999961853027
60.1187461853027
62.0390586853027
64.0390586853027
65.8796836853027
67.9187461853027
69.5187461853027
71.3999961853027
72.9999961853027
74.3999961853027
75.7593711853027
76.7999961853027
77.8796836853027
78.7593711853027
79.3999961853027
79.7999961853027
79.9999961853027
79.9187461853027
79.5593711853027
78.7187461853027
77.9593711853027
77.3999961853027
76.9593711853027
77.2796836853027
77.8796836853027
79.3593711853027
79.9999961853027
80.3187461853027
78.4796836853027
76.2390586853027
74.7187461853027
73.8390586853027
72.8796836853027
72.0390586853027
71.0796836853027
69.4796836853027
68.5187461853027
67.0390586853027
65.6390586853027
64.1999961853027
62.3593711853027
60.3187461853027
57.5593711853027
54.5187461853027
51.7999961853027
49.2390586853027
46.3999961853027
43.9593711853027
41.2390586853027
38.6796836853027
35.7593711853027
33.3187461853027
30.6390586853027
28.4796836853027
26.1593711853027
24.1187461853027
22.2796836853027
20.9187461853027
19.6796836853027
18.1999961853027
17.3593711853027
16.6390586853027
15.7999961853027
15.0390586853027
14.5187461853027
14.3593711853027
13.6390586853027
13.2796836853027
12.6796836853027
12.5593711853027
12.2796836853027
11.7999961853027
11.3999961853027
10.9593711853027
10.9187461853027
10.6390586853027
10.2390586853027
10.5999961853027
10.5593711853027
10.6390586853027
10.7187461853027
10.7593711853027
11.2796836853027
11.5187461853027
11.9999961853027
12.4390586853027
13.4796836853027
14.3999961853027
16.0390586853027
18.7999961853027
25.4390586853027
36.0390586853027
45.7187461853027
50.4390586853027
51.7593711853027
52.4390586853027
54.2796836853027
55.7999961853027
57.7999961853027
59.7593711853027
61.8796836853027
64.1593711853027
65.9187461853027
67.9999961853027
69.4390586853027
71.3593711853027
72.9187461853027
74.2796836853027
75.5999961853027
76.7999961853027
77.8390586853027
78.7187461853027
79.2796836853027
79.6796836853027
79.9593711853027
79.7593711853027
79.6390586853027
78.9187461853027
77.8796836853027
77.1593711853027
76.8390586853027
77.3593711853027
78.1187461853027
79.4796836853027
80.1187461853027
80.4796836853027
78.9187461853027
76.4796836853027
74.7999961853027
73.8796836853027
73.1999961853027
72.1187461853027
70.9187461853027
69.4796836853027
68.4390586853027
67.1593711853027
65.5187461853027
64.1593711853027
62.3187461853027
60.2390586853027
57.5999961853027
54.7187461853027
52.0390586853027
49.4390586853027
46.4390586853027
43.9593711853027
41.3187461853027
38.6390586853027
35.9593711853027
33.4796836853027
31.0796836853027
28.5187461853027
26.2796836853027
24.5999961853027
22.5999961853027
21.0796836853027
19.6796836853027
18.5187461853027
17.2796836853027
16.3593711853027
15.8390586853027
15.2390586853027
14.5593711853027
14.1593711853027
13.5593711853027
13.3187461853027
12.7999961853027
12.4390586853027
12.1593711853027
12.0390586853027
11.5593711853027
10.8796836853027
10.8796836853027
10.8796836853027
10.3999961853027
10.6390586853027
10.5187461853027
10.4796836853027
10.5999961853027
10.9999961853027
11.2390586853027
11.5999961853027
12.0390586853027
12.4796836853027
13.1593711853027
14.3187461853027
15.9593711853027
18.5999961853027
25.2390586853027
35.7593711853027
45.4796836853027
49.9593711853027
51.7999961853027
52.4390586853027
54.1593711853027
55.8796836853027
57.7187461853027
59.9187461853027
61.9187461853027
63.7593711853027
65.6390586853027
67.6390586853027
69.4796836853027
71.0796836853027
72.9593711853027
74.3187461853027
75.5999961853027
76.4796836853027
77.7999961853027
78.5593711853027
79.4390586853027
79.6796836853027
79.7999961853027
79.9999961853027
79.5593711853027
78.7187461853027
77.9593711853027
77.0390586853027
76.6796836853027
77.0796836853027
77.8796836853027
79.1593711853027
80.1593711853027
80.2796836853027
78.8390586853027
76.5593711853027
74.9999961853027
74.0390586853027
72.9593711853027
72.1187461853027
70.8796836853027
69.6390586853027
68.4390586853027
67.3999961853027
65.6390586853027
64.1593711853027
62.3593711853027
60.6796836853027
57.6390586853027
54.8390586853027
52.1999961853027
49.4390586853027
46.6390586853027
44.3593711853027
41.2796836853027
38.6390586853027
35.9593711853027
33.4390586853027
31.1593711853027
28.7999961853027
26.1187461853027
24.2390586853027
22.5187461853027
21.2796836853027
19.6390586853027
18.3593711853027
17.3999961853027
16.5187461853027
15.8390586853027
14.9187461853027
14.5593711853027
14.2390586853027
13.7999961853027
13.1593711853027
12.8390586853027
12.5593711853027
12.1187461853027
11.6796836853027
11.4796836853027
10.9593711853027
10.9187461853027
10.7999961853027
10.5187461853027
10.3999961853027
10.4796836853027
10.4390586853027
10.6390586853027
10.8390586853027
11.3187461853027
11.3593711853027
11.7999961853027
12.5593711853027
13.3187461853027
14.2796836853027
15.7593711853027
18.5999961853027
24.8390586853027
35.4796836853027
45.3999961853027
50.3187461853027
51.6390586853027
52.5593711853027
54.0796836853027
55.7999961853027
57.7187461853027
59.9187461853027
62.0796836853027
63.8390586853027
65.9999961853027
67.6796836853027
69.2796836853027
71.0390586853027
72.7593711853027
74.4796836853027
75.6390586853027
76.9187461853027
78.0390586853027
78.7999961853027
79.2390586853027
79.8796836853027
79.7593711853027
79.6796836853027
79.6796836853027
78.9187461853027
78.0796836853027
77.1187461853027
76.9999961853027
77.3593711853027
77.9593711853027
79.2796836853027
80.2796836853027
80.5187461853027
78.9187461853027
76.7187461853027
74.8796836853027
74.0390586853027
73.1999961853027
72.3593711853027
71.0796836853027
69.7593711853027
68.5187461853027
67.5187461853027
65.7999961853027
64.2390586853027
62.5999961853027
60.3999961853027
57.6390586853027
54.8390586853027
51.9999961853027
49.5593711853027
46.9999961853027
44.2390586853027
41.5593711853027
38.9187461853027
36.1593711853027
33.5187461853027
31.0796836853027
28.8796836853027
26.5187461853027
24.3187461853027
22.3593711853027
21.0796836853027
19.5187461853027
18.5187461853027
17.4390586853027
16.7999961853027
15.9999961853027
15.0796836853027
14.5999961853027
14.2796836853027
13.8390586853027
13.2390586853027
12.8796836853027
12.4796836853027
12.0796836853027
11.9593711853027
11.3999961853027
11.2390586853027
10.9187461853027
10.6390586853027
10.4796836853027
10.6796836853027
10.5593711853027
10.2796836853027
10.7187461853027
10.8390586853027
11.1187461853027
11.3999961853027
11.7999961853027
12.5187461853027
13.1187461853027
14.1187461853027
15.8390586853027
18.4390586853027
24.3593711853027
34.8390586853027
44.9593711853027
49.9593711853027
51.7999961853027
52.5187461853027
54.0796836853027
55.7187461853027
57.7593711853027
59.5187461853027
61.5999961853027
63.7187461853027
65.6796836853027
67.9187461853027
69.3999961853027
70.9593711853027
72.5999961853027
74.0796836853027
75.6796836853027
76.7187461853027
77.5999961853027
78.8796836853027
79.5999961853027
79.5999961853027
79.9999961853027
79.9187461853027
79.5999961853027
78.8390586853027
78.0390586853027
77.1593711853027
77.0390586853027
77.2390586853027
78.1187461853027
78.6796836853027
79.9593711853027
80.5593711853027
78.9999961853027
76.9999961853027
74.8390586853027
73.9187461853027
73.1999961853027
72.1593711853027
71.0796836853027
69.9593711853027
68.4796836853027
67.2796836853027
65.8390586853027
64.2390586853027
62.5593711853027
60.5187461853027
57.9999961853027
54.9593711853027
52.3999961853027
49.7593711853027
46.7593711853027
44.1999961853027
