3.99999992370605
4.31187492370606
4.51999992370605
4.77593742370605
4.98374992370606
5.20781242370605
5.42374992370605
5.65593742370605
5.92781242370605
6.12781242370605
6.39187492370605
6.61593742370605
6.77593742370606
6.74374992370606
6.71187492370605
6.95999992370605
7.25593742370605
7.27999992370605
7.52781242370606
7.77593742370606
7.90374992370606
8.05593742370606
8.22374992370606
8.43999992370605
8.66374992370605
8.76781242370605
8.91187492370605
9.08781242370605
9.21593742370606
9.30374992370605
9.48781242370606
9.44781242370605
9.53593742370606
9.59999992370605
9.65593742370605
9.68781242370605
9.68781242370605
9.72781242370606
9.77593742370605
9.75999992370605
9.80781242370606
9.84781242370605
9.87187492370606
9.83999992370605
9.79187492370605
9.75999992370605
9.67187492370605
9.63999992370606
9.62374992370605
9.61593742370605
9.62374992370605
9.55187492370606
9.55187492370606
9.44781242370605
9.36781242370606
9.24781242370605
9.15187492370606
9.05593742370606
8.95999992370606
8.80781242370606
8.59999992370605
8.34374992370605
7.87999992370605
7.31187492370605
6.83187492370605
6.25593742370605
5.83187492370605
5.74374992370606
5.58374992370605
5.38374992370605
5.27187492370605
5.04781242370605
4.87999992370605
4.70374992370605
4.55187492370605
4.38374992370605
4.30374992370605
4.12781242370605
3.98374992370605
3.82374992370605
3.67187492370605
3.57593742370605
3.54374992370605
3.46374992370605
3.33593742370605
3.27187492370605
3.24781242370605
3.15187492370605
3.14374992370605
3.04781242370605
3.11187492370605
3.05593742370605
3.09593742370605
3.09593742370605
3.24781242370605
3.33593742370605
3.50374992370605
3.78374992370605
3.92781242370605
4.22374992370605
4.52781242370605
4.80781242370605
5.05593742370606
5.20781242370605
5.43999992370605
5.67187492370605
5.91999992370605
6.19187492370605
6.35999992370605
6.63999992370605
6.79999992370605
6.86374992370606
6.74374992370606
7.01593742370605
7.23187492370606
7.31999992370605
7.47999992370606
7.72781242370605
7.89593742370606
8.02374992370605
8.24781242370605
8.46374992370605
8.59999992370605
8.79999992370606
8.85593742370605
9.11187492370605
9.23999992370605
9.33593742370605
9.43999992370605
9.43999992370605
9.52781242370605
9.61593742370605
9.60781242370605
9.60781242370605
9.67999992370605
9.68781242370605
9.78374992370605
9.77593742370605
9.85593742370605
9.84781242370605
9.81593742370606
9.85593742370605
9.81593742370606
9.74374992370606
9.70374992370606
9.66374992370605
9.64781242370606
9.59999992370605
9.60781242370605
9.51187492370605
9.47187492370606
9.43999992370605
9.32781242370605
9.26374992370605
9.18374992370605
9.10374992370605
8.95187492370605
8.85593742370605
8.60781242370605
8.34374992370605
7.93593742370605
7.35187492370605
6.82374992370606
6.25593742370605
5.85593742370605
5.70374992370605
5.55999992370606
5.42374992370605
5.26374992370605
5.03999992370605
4.88781242370605
4.75999992370605
4.56781242370606
4.41593742370605
4.27999992370605
4.12781242370605
3.97593742370605
3.82374992370605
3.78374992370605
3.55999992370605
3.48781242370605
3.40781242370605
3.30374992370605
3.28781242370605
3.23999992370605
3.17593742370605
3.11187492370605
3.04781242370605
3.08781242370605
3.07187492370606
3.05593742370605
3.11999992370605
3.19999992370605
3.33593742370605
3.47999992370605
3.72781242370605
4.02374992370605
4.24781242370605
4.51999992370605
4.77593742370605
4.98374992370606
5.19999992370605
5.44781242370605
5.62374992370605
5.93593742370605
6.12781242370605
6.36781242370605
6.58374992370605
6.71999992370605
6.85593742370606
6.80781242370605
6.95187492370605
7.16781242370605
7.29593742370605
7.49593742370605
7.71999992370605
7.91999992370605
8.05593742370606
8.23999992370605
8.43999992370605
8.60781242370605
8.71187492370606
8.87187492370606
9.07999992370605
9.21593742370606
9.31999992370605
9.43187492370605
9.46374992370605
9.53593742370606
9.59999992370605
9.65593742370605
9.63999992370606
9.71187492370606
9.71999992370606
9.75187492370605
9.77593742370605
9.83187492370605
9.85593742370605
9.90374992370606
9.86374992370605
9.79187492370605
9.70374992370606
9.67999992370605
9.68781242370605
9.59999992370605
9.66374992370605
9.63999992370606
9.54374992370606
9.47999992370606
9.45593742370605
9.31187492370606
9.21593742370606
9.18374992370605
9.09593742370605
8.93593742370605
8.82374992370606
8.67187492370605
8.35187492370605
7.91187492370605
7.37593742370605
6.87187492370605
6.26374992370605
5.83187492370605
5.78374992370605
5.55187492370605
5.41593742370605
5.28781242370605
5.05593742370606
4.89593742370606
4.71187492370605
4.58374992370605
4.41593742370605
4.29593742370605
4.05593742370606
3.99187492370605
3.87187492370605
3.71999992370605
3.55187492370605
3.50374992370605
3.37593742370605
3.35999992370605
3.23999992370605
3.21593742370605
3.17593742370605
3.10374992370605
3.07187492370606
3.06374992370605
3.07187492370606
3.05593742370605
3.13593742370605
3.21593742370605
3.33593742370605
3.56781242370605
3.71187492370605
3.94374992370605
4.17593742370605
4.48781242370606
4.77593742370605
4.99187492370605
5.24781242370605
5.43999992370605
5.65593742370605
5.88781242370605
6.10374992370605
6.36781242370605
6.58374992370605
6.78374992370606
6.83999992370605
6.75187492370605
6.95187492370605
7.16781242370605
7.32781242370605
7.49593742370605
7.74374992370606
7.83999992370605
8.06374992370606
8.25593742370605
8.45593742370605
8.63187492370606
8.79187492370605
8.87999992370606
9.08781242370605
9.19999992370606
9.31999992370605
9.34374992370605
9.49593742370605
9.55187492370606
9.61593742370605
9.66374992370605
9.64781242370606
9.69593742370606
9.72781242370606
9.77593742370605
9.75999992370605
9.83999992370605
9.88781242370606
9.82374992370606
9.79187492370605
9.73593742370606
9.76781242370605
9.71999992370606
9.65593742370605
9.61593742370605
9.64781242370606
9.60781242370605
9.53593742370606
9.48781242370606
9.47187492370606
9.32781242370605
9.25593742370605
9.24781242370605
9.04781242370606
8.92781242370605
8.87187492370606
8.64781242370606
8.38374992370606
7.91999992370605
7.44781242370606
6.86374992370606
6.31999992370605
5.81593742370606
5.73593742370606
5.62374992370605
5.43187492370605
5.26374992370605
5.07999992370605
4.86374992370605
4.75999992370605
4.53593742370605
4.46374992370605
4.28781242370605
4.12781242370605
3.98374992370605
3.79999992370605
3.69593742370605
3.62374992370605
3.50374992370605
3.41593742370605
3.33593742370605
3.23999992370605
3.22374992370605
3.19187492370605
3.11187492370605
3.09593742370605
3.06374992370605
3.09593742370605
3.09593742370605
3.12781242370605
3.22374992370605
3.32781242370605
3.51187492370605
3.75187492370605
3.91999992370605
4.19187492370605
4.43999992370605
4.76781242370605
4.94374992370605
5.19999992370605
5.43187492370605
5.67187492370605
5.86374992370605
6.15999992370605
6.37593742370605
6.65593742370605
6.78374992370606
6.83187492370605
6.77593742370606
6.93593742370605
7.19999992370605
7.27999992370605
7.51999992370606
7.71999992370605
7.88781242370605
8.07187492370606
8.21593742370606
8.43999992370605
8.61593742370605
8.67999992370605
8.88781242370606
9.03999992370606
9.19187492370605
9.29593742370605
9.40781242370606
9.40781242370606
9.48781242370606
9.55187492370606
9.62374992370605
9.63999992370606
9.67187492370605
9.78374992370605
9.75187492370605
9.76781242370605
9.81593742370606
9.83187492370605
9.85593742370605
9.82374992370606
9.78374992370605
9.71999992370606
9.66374992370605
9.65593742370605
9.61593742370605
9.62374992370605
9.62374992370605
9.53593742370606
9.52781242370605
9.43999992370605
9.35999992370606
9.30374992370605
9.21593742370606
9.07999992370605
8.96781242370606
8.84781242370605
8.61593742370605
8.41593742370605
7.93593742370605
7.43187492370605
6.94374992370605
6.29593742370605
5.87187492370605
5.76781242370605
5.58374992370605
5.39999992370606
5.30374992370605
5.11999992370605
4.88781242370605
4.73593742370606
4.56781242370606
4.40781242370606
4.27999992370605
4.17593742370605
3.95999992370605
3.85593742370605
3.71999992370605
3.58374992370605
3.51187492370605
3.40781242370605
3.35999992370605
3.23999992370605
3.23999992370605
3.16781242370605
3.12781242370605
3.07187492370606
3.06374992370605
3.12781242370605
3.08781242370605
3.08781242370605
3.15187492370605
3.36781242370605
3.49593742370605
3.71999992370605
3.97593742370605
4.14374992370605
4.48781242370606
4.79187492370605
4.97593742370606
5.19999992370605
5.40781242370606
5.69593742370605
5.83999992370605
6.15187492370606
6.31999992370605
6.57593742370605
6.72781242370605
6.84781242370605
6.75999992370605
6.90374992370606
7.21593742370605
7.27187492370605
7.47187492370605
7.73593742370606
7.87999992370605
8.02374992370605
8.23999992370605
8.43999992370605
8.60781242370605
8.72781242370606
8.87187492370606
9.03999992370606
9.19999992370606
9.32781242370605
9.34374992370605
9.44781242370605
9.51999992370605
9.61593742370605
9.60781242370605
9.62374992370605
9.67999992370605
9.70374992370606
9.71999992370606
9.75999992370605
9.75999992370605
9.83999992370605
9.79187492370605
9.85593742370605
9.78374992370605
9.75187492370605
9.71187492370606
9.62374992370605
9.59999992370605
9.63187492370605
9.62374992370605
9.51999992370605
9.49593742370605
9.42374992370605
9.39999992370606
9.27999992370605
9.17593742370605
9.09593742370605
8.98374992370606
8.80781242370606
8.61593742370605
8.42374992370605
7.96781242370605
7.43187492370605
6.96781242370605
6.34374992370605
5.88781242370605
5.75999992370605
5.58374992370605
5.45593742370605
5.27187492370605
5.11187492370605
4.91187492370605
4.72781242370606
4.59187492370605
4.41593742370605
4.29593742370605
4.13593742370605
4.01593742370605
3.84781242370605
3.67999992370605
3.67187492370605
3.52781242370605
3.44781242370605
3.33593742370605
3.21593742370605
3.22374992370605
3.18374992370605
3.12781242370605
3.10374992370605
3.09593742370605
3.08781242370605
3.13593742370605
3.10374992370605
3.20781242370605
3.33593742370605
3.49593742370605
3.71999992370605
3.94374992370605
4.20781242370605
4.42374992370605
4.79999992370605
4.99999992370605
5.19999992370605
5.42374992370605
5.63999992370606
5.87187492370605
6.08781242370605
6.30374992370605
6.59999992370605
6.75187492370605
6.87187492370605
6.74374992370606
6.91999992370605
7.18374992370605
7.26374992370605
7.44781242370606
7.75187492370605
7.87187492370605
8.02374992370605
8.23999992370605
8.41593742370605
8.56781242370606
8.77593742370605
8.84781242370605
9.04781242370606
9.19187492370605
9.28781242370605
9.39999992370606
9.42374992370605
9.52781242370605
9.56781242370606
9.59187492370605
9.60781242370605
9.65593742370605
9.71999992370606
9.72781242370606
9.77593742370605
9.81593742370606
9.87999992370606
9.86374992370605
9.83999992370605
9.77593742370605
9.75187492370605
9.68781242370605
9.69593742370606
9.64781242370606
9.62374992370605
9.61593742370605
9.53593742370606
9.47999992370606
9.46374992370605
9.41593742370605
9.27187492370605
9.25593742370605
9.07999992370605
8.98374992370606
8.88781242370606
8.65593742370605
8.42374992370605
8.01593742370605
7.41593742370605
6.95187492370605
6.37593742370605
5.90374992370606
5.76781242370605
5.64781242370606
5.43999992370605
5.30374992370605
5.14374992370605
4.91187492370605
4.71187492370605
4.59999992370605
4.40781242370606
4.27999992370605
4.13593742370605
3.99187492370605
3.87999992370605
3.75999992370605
3.62374992370605
3.56781242370605
3.39187492370605
3.36781242370605
3.23999992370605
3.20781242370605
3.14374992370605
3.08781242370605
3.09593742370605
3.07999992370605
3.08781242370605
3.07999992370605
3.07999992370605
3.17593742370605
3.35187492370605
3.46374992370605
3.65593742370605
3.87187492370605
4.19187492370605
4.48781242370606
4.71187492370605
4.94374992370605
5.16781242370605
5.35187492370605
5.63187492370605
5.87187492370605
6.10374992370605
6.31999992370605
6.59187492370605
6.75187492370605
6.79187492370605
6.79187492370605
6.91187492370605
7.18374992370605
7.29593742370605
7.46374992370605
7.67187492370605
7.89593742370606
8.02374992370605
8.19999992370606
8.38374992370606
8.59187492370605
8.67999992370605
8.90374992370606
9.03999992370606
9.16781242370605
9.30374992370605
9.37593742370606
9.47999992370606
9.51187492370605
9.57593742370605
9.64781242370606
9.65593742370605
9.67999992370605
9.71999992370606
9.74374992370606
9.77593742370605
9.79187492370605
9.83187492370605
9.86374992370605
9.86374992370605
9.75999992370605
9.74374992370606
9.69593742370606
9.63187492370605
9.61593742370605
9.64781242370606
9.67999992370605
9.53593742370606
9.49593742370605
9.49593742370605
9.35999992370606
9.31999992370605
9.22374992370606
9.14374992370606
9.01593742370605
8.87187492370606
8.67187492370605
8.46374992370605
8.02374992370605
7.48781242370606
6.96781242370605
6.42374992370605
5.88781242370605
5.73593742370606
5.60781242370605
5.43999992370605
5.31999992370605
5.11999992370605
4.93593742370605
4.75187492370605
4.57593742370605
4.45593742370605
4.28781242370605
4.14374992370605
4.03999992370605
3.88781242370605
3.76781242370605
3.63999992370605
3.51999992370605
3.47999992370605
3.34374992370605
3.31187492370605
3.22374992370605
3.19187492370605
3.12781242370605
3.11187492370605
3.03999992370605
3.03999992370605
3.06374992370605
3.11999992370605
3.16781242370605
3.33593742370605
3.47999992370605
3.65593742370605
3.91999992370605
4.19999992370605
4.42374992370605
4.74374992370606
4.94374992370605
5.18374992370605
5.36781242370605
5.64781242370606
5.86374992370605
6.05593742370605
6.33593742370605
6.57593742370605
6.72781242370605
6.85593742370606
6.75999992370605
6.87187492370605
7.16781242370605
7.32781242370605
7.46374992370605
7.69593742370605
7.87187492370605
8.10374992370605
8.17593742370605
8.38374992370606
8.59187492370605
8.73593742370606
8.88781242370606
9.00781242370605
9.20781242370606
9.31999992370605
9.33593742370605
9.50374992370605
9.49593742370605
9.56781242370606
9.62374992370605
9.62374992370605
9.71187492370606
9.63187492370605
9.75187492370605
9.79187492370605
9.81593742370606
9.87999992370606
9.87187492370606
9.87999992370606
9.79999992370606
9.74374992370606
9.69593742370606
9.64781242370606
9.61593742370605
9.65593742370605
9.63999992370606
9.52781242370605
9.50374992370605
9.41593742370605
9.38374992370606
9.28781242370605
9.19999992370606
9.12781242370605
8.99999992370605
8.80781242370606
8.71187492370606
8.39999992370606
7.99999992370605
7.51187492370605
6.97593742370605
6.45593742370605
5.91187492370605
5.76781242370605
5.63999992370606
5.40781242370606
5.35187492370605
5.13593742370605
4.91187492370605
4.74374992370606
4.59187492370605
4.46374992370605
4.27999992370605
4.11999992370605
4.03187492370605
3.87187492370605
3.71187492370605
3.61593742370605
3.49593742370605
3.44781242370605
3.33593742370605
3.25593742370605
3.18374992370605
3.15187492370605
3.10374992370605
3.07999992370605
3.05593742370605
3.02374992370605
3.09593742370605
3.08781242370605
3.19999992370605
3.32781242370605
3.44781242370605
3.68781242370605
3.91187492370605
4.15187492370606
4.47187492370605
4.67999992370605
4.95999992370605
5.15187492370606
5.42374992370605
5.56781242370606
5.86374992370605
6.08781242370605
6.33593742370605
6.52781242370605
6.75999992370605
6.80781242370605
6.78374992370606
6.87187492370605
7.11999992370605
7.27187492370605
7.41593742370605
7.67999992370605
7.83999992370605
8.01593742370605
8.18374992370605
8.31999992370605
8.60781242370605
8.68781242370605
8.87999992370606
9.00781242370605
9.19999992370606
9.31999992370605
9.37593742370606
9.43999992370605
9.54374992370606
9.58374992370605
9.58374992370605
9.59999992370605
9.69593742370606
9.71187492370606
9.76781242370605
9.77593742370605
9.85593742370605
9.85593742370605
9.87187492370606
9.83999992370605
9.77593742370605
9.74374992370606
9.67187492370605
9.65593742370605
9.61593742370605
9.64781242370606
9.66374992370605
9.58374992370605
9.47187492370606
9.50374992370605
9.35999992370606
9.24781242370605
9.19187492370605
9.11187492370605
8.98374992370606
8.87187492370606
8.66374992370605
8.48781242370606
8.03999992370606
7.47999992370606
7.01593742370605
6.45593742370605
5.90374992370606
5.74374992370606
5.63999992370606
5.43999992370605
5.33593742370605
5.09593742370605
4.95187492370605
4.78374992370605
4.59999992370605
4.47187492370605
4.31187492370606
4.17593742370605
4.03187492370605
3.91187492370605
3.73593742370605
3.63999992370605
3.55187492370605
3.43187492370605
3.34374992370605
3.27999992370605
3.18374992370605
3.19999992370605
3.13593742370605
3.13593742370605
3.06374992370605
3.06374992370605
3.07999992370605
3.13593742370605
3.20781242370605
3.31187492370605
3.43187492370605
3.62374992370605
3.88781242370605
4.17593742370605
4.42374992370605
4.76781242370605
4.90374992370606
5.19187492370605
5.38374992370605
5.60781242370605
5.83187492370605
6.07999992370605
6.32781242370605
6.50374992370605
6.72781242370605
6.80781242370605
6.77593742370606
6.84781242370605
7.14374992370605
7.30374992370605
7.40781242370606
7.72781242370605
