-4.46406249284744
-4.13624999284744
-3.79999999284744
-3.46406249284744
-3.07218749284744
-2.69624999284744
-2.39999999284744
-2.04812499284744
-1.68812499284744
-1.30406249284744
-0.919999992847443
-0.479999992847443
-0.176249992847443
0.231875007152557
0.527812507152557
0.743750007152557
0.951875007152557
1.40781250715256
1.84000000715256
2.12781250715256
2.44781250715256
2.80781250715256
3.15187500715256
3.43187500715256
3.68781250715256
4.00781250715256
4.27187500715256
4.48000000715256
4.72000000715256
4.92000000715256
5.05593750715256
5.19187500715256
5.35187500715256
5.44000000715256
5.54375000715256
5.64781250715256
5.76000000715256
5.79187500715256
5.85593750715256
5.85593750715256
5.86375000715256
5.77593750715256
5.79187500715256
5.72000000715256
5.56781250715256
5.44781250715256
5.33593750715256
5.16781250715256
5.00781250715256
4.81593750715256
4.55187500715256
4.33593750715256
4.00781250715256
3.71187500715256
3.42375000715256
3.00000000715256
2.71187500715256
2.36000000715256
2.04000000715256
1.66375000715256
1.30375000715256
0.903750007152557
0.423750007152557
-0.144062492847443
-0.688124992847443
-1.20812499284744
-1.80812499284744
-2.49624999284744
-2.91999999284744
-3.12812499284744
-3.43218749284744
-3.77624999284744
-4.03999999284744
-4.25624999284744
-4.60812499284744
-4.83999999284744
-5.11999999284744
-5.39218749284744
-5.51218749284744
-5.70406249284744
-5.84812499284744
-5.99999999284744
-6.14406249284744
-6.24812499284744
-6.27999999284744
-6.43999999284744
-6.48812499284744
-6.55218749284744
-6.58406249284744
-6.61624999284744
-6.54406249284744
-6.53624999284744
-6.35218749284744
-6.12812499284744
-5.85624999284744
-5.55999999284744
-5.22406249284744
-4.84812499284744
-4.41624999284744
-4.15218749284744
-3.79218749284744
-3.48812499284744
-3.08812499284744
-2.75999999284744
-2.36812499284744
-2.06406249284744
-1.64812499284744
-1.27218749284744
-0.952187492847443
-0.504062492847443
-0.192187492847443
0.175937507152557
0.535937507152557
0.751875007152558
0.975937507152557
1.32000000715256
1.72781250715256
2.10375000715256
2.44781250715256
2.79187500715256
3.09593750715256
3.36000000715256
3.64781250715256
3.96000000715256
4.26375000715256
4.48000000715256
4.68000000715256
4.92000000715256
5.02375000715256
5.20781250715256
5.32781250715256
5.45593750715256
5.57593750715256
5.63187500715256
5.76000000715256
5.79187500715256
5.88781250715256
5.90375000715256
5.88000000715256
5.83187500715256
5.77593750715256
5.71187500715256
5.65593750715256
5.49593750715256
5.36000000715256
5.20781250715256
4.99187500715256
4.76781250715256
4.56781250715256
4.36000000715256
4.04000000715256
3.71187500715256
3.36781250715256
3.04000000715256
2.68000000715256
2.38375000715256
1.97593750715256
1.70375000715256
1.35187500715256
0.960000007152557
0.480000007152557
-0.119999992847443
-0.712187492847443
-1.19218749284744
-1.80812499284744
-2.51218749284744
-2.94406249284744
-3.10406249284744
-3.44812499284744
-3.79218749284744
-4.06406249284744
-4.29624999284744
-4.57624999284744
-4.87999999284744
-5.07999999284744
-5.36812499284744
-5.51999999284744
-5.73624999284744
-5.83218749284744
-5.99218749284744
-6.11999999284744
-6.29624999284744
-6.29624999284744
-6.39999999284744
-6.47218749284744
-6.51218749284744
-6.62406249284744
-6.59999999284744
-6.56812499284744
-6.51218749284744
-6.35999999284744
-6.12812499284744
-5.90406249284744
-5.59218749284744
-5.23218749284744
-4.88812499284744
-4.51218749284744
-4.15218749284744
-3.77624999284744
-3.47218749284744
-3.07218749284744
-2.69624999284744
-2.43999999284744
-2.10406249284744
-1.75999999284744
-1.30406249284744
-0.952187492847443
-0.544062492847443
-0.208124992847443
0.143750007152557
0.503750007152557
0.720000007152557
0.927812507152557
1.37593750715256
1.76000000715256
2.08000000715256
2.40781250715256
2.76781250715256
3.15187500715256
3.39187500715256
3.64781250715256
3.99187500715256
4.24781250715256
4.52781250715256
4.70375000715256
4.86375000715256
5.04781250715256
5.19187500715256
5.31187500715256
5.44000000715256
5.57593750715256
5.62375000715256
5.74375000715256
5.80000000715256
5.85593750715256
5.86375000715256
5.86375000715256
5.84000000715256
5.77593750715256
5.68000000715256
5.53593750715256
5.52000000715256
5.33593750715256
5.24000000715256
5.04000000715256
4.84000000715256
4.62375000715256
4.34375000715256
4.04781250715256
3.73593750715256
3.40781250715256
3.03187500715256
2.71187500715256
2.40781250715256
2.06375000715256
1.67187500715256
1.34375000715256
0.927812507152557
0.440000007152557
-0.144062492847443
-0.624062492847443
-1.18406249284744
-1.75999999284744
-2.47218749284744
-2.92812499284744
-3.11999999284744
-3.38406249284744
-3.73624999284744
-4.05624999284744
-4.33624999284744
-4.57624999284744
-4.79999999284744
-5.07999999284744
-5.31218749284744
-5.46406249284744
-5.71999999284744
-5.84812499284744
-5.98406249284744
-6.14406249284744
-6.23999999284744
-6.35218749284744
-6.43218749284744
-6.51218749284744
-6.56812499284744
-6.60812499284744
-6.60812499284744
-6.59218749284744
-6.49624999284744
-6.37624999284744
-6.13624999284744
-5.92812499284744
-5.58406249284744
-5.27218749284744
-4.91999999284744
-4.51218749284744
-4.16812499284744
-3.86406249284744
-3.44812499284744
-3.08812499284744
-2.72812499284744
-2.45624999284744
-2.11218749284744
-1.74406249284744
-1.35218749284744
-0.936249992847443
-0.552187492847443
-0.216249992847443
0.160000007152557
0.495937507152557
0.711875007152557
0.943750007152557
1.37593750715256
1.80781250715256
2.00781250715256
2.41593750715256
2.76000000715256
3.09593750715256
3.38375000715256
3.67187500715256
4.03187500715256
4.23187500715256
4.44000000715256
4.68781250715256
4.90375000715256
5.06375000715256
5.17593750715256
5.31187500715256
5.42375000715256
5.56000000715256
5.61593750715256
5.72781250715256
5.81593750715256
5.85593750715256
5.84000000715256
5.91187500715256
5.84000000715256
5.76000000715256
5.65593750715256
5.58375000715256
5.57593750715256
5.37593750715256
5.22375000715256
5.00781250715256
4.79187500715256
4.57593750715256
4.40781250715256
4.08000000715256
3.74375000715256
3.41593750715256
3.10375000715256
2.76781250715256
2.37593750715256
2.06375000715256
1.68781250715256
1.32000000715256
0.943750007152557
0.471875007152557
-0.0721874928474426
-0.608124992847443
-1.18406249284744
-1.79218749284744
-2.43999999284744
-2.89624999284744
-3.09624999284744
-3.39218749284744
-3.71999999284744
-4.04812499284744
-4.30406249284744
-4.53624999284744
-4.80812499284744
-5.06406249284744
-5.22406249284744
-5.45624999284744
-5.69624999284744
-5.82406249284744
-5.98406249284744
-6.10406249284744
-6.21624999284744
-6.35218749284744
-6.43999999284744
-6.45624999284744
-6.59218749284744
-6.59218749284744
-6.63218749284744
-6.56812499284744
-6.48812499284744
-6.36812499284744
-6.17624999284744
-5.95218749284744
-5.57624999284744
-5.29624999284744
-4.88812499284744
-4.52812499284744
-4.14406249284744
-3.84812499284744
-3.49624999284744
-3.13624999284744
-2.78406249284744
-2.50406249284744
-2.09624999284744
-1.68812499284744
-1.37624999284744
-1.00812499284744
-0.608124992847443
-0.232187492847443
0.135937507152557
0.503750007152557
0.720000007152557
0.880000007152557
1.28781250715256
1.74375000715256
1.99187500715256
2.40000000715256
2.72781250715256
3.08000000715256
3.38375000715256
3.61593750715256
3.96000000715256
4.20781250715256
4.47187500715256
4.65593750715256
4.86375000715256
5.01593750715256
5.16000000715256
5.32000000715256
5.38375000715256
5.52781250715256
5.64781250715256
5.68781250715256
5.80781250715256
5.80781250715256
5.95187500715256
5.89593750715256
5.88000000715256
5.79187500715256
5.72781250715256
5.63187500715256
5.53593750715256
5.40000000715256
5.22375000715256
5.02375000715256
4.81593750715256
4.61593750715256
4.40781250715256
4.04781250715256
3.73593750715256
3.40781250715256
3.07187500715256
2.75187500715256
2.44000000715256
2.08781250715256
1.74375000715256
1.37593750715256
0.960000007152557
0.495937507152557
-0.0481249928474426
-0.584062492847443
-1.11218749284744
-1.72812499284744
-2.40812499284744
-2.94406249284744
-3.11999999284744
-3.39999999284744
-3.71999999284744
-3.99999999284744
-4.27218749284744
-4.51999999284744
-4.79218749284744
-5.05624999284744
-5.31999999284744
-5.47218749284744
-5.70406249284744
-5.81624999284744
-5.95218749284744
-6.13624999284744
-6.23218749284744
-6.30406249284744
-6.39999999284744
-6.49624999284744
-6.54406249284744
-6.59218749284744
-6.61624999284744
-6.59218749284744
-6.55218749284744
-6.40812499284744
-6.19218749284744
-5.93624999284744
-5.63218749284744
-5.33624999284744
-4.91218749284744
-4.51218749284744
-4.13624999284744
-3.87218749284744
-3.52812499284744
-3.15218749284744
-2.81624999284744
-2.43999999284744
-2.11218749284744
-1.75999999284744
-1.38406249284744
-0.952187492847443
-0.624062492847443
-0.248124992847443
0.111875007152557
0.487812507152557
0.711875007152557
0.927812507152557
1.32781250715256
1.77593750715256
2.04781250715256
2.39187500715256
2.74375000715256
3.06375000715256
3.32781250715256
3.64000000715256
3.94375000715256
4.20781250715256
4.46375000715256
4.68000000715256
4.89593750715256
5.03187500715256
5.17593750715256
5.32781250715256
5.39187500715256
5.50375000715256
5.62375000715256
5.71187500715256
5.80781250715256
5.88000000715256
5.89593750715256
5.87187500715256
5.84000000715256
5.79187500715256
5.73593750715256
5.62375000715256
5.53593750715256
5.43187500715256
5.24000000715256
5.00000000715256
4.82375000715256
4.62375000715256
4.36000000715256
4.08781250715256
3.75187500715256
3.45593750715256
3.08781250715256
2.79187500715256
2.44000000715256
2.07187500715256
1.70375000715256
1.35187500715256
1.01593750715256
0.527812507152557
-0.0640624928474426
-0.599999992847443
-1.09624999284744
-1.68812499284744
-2.39218749284744
-2.89624999284744
-3.11999999284744
-3.35218749284744
-3.74406249284744
-4.06406249284744
-4.30406249284744
-4.51999999284744
-4.81624999284744
-5.10406249284744
-5.27218749284744
-5.45624999284744
-5.63218749284744
-5.79218749284744
-5.97624999284744
-6.14406249284744
-6.25624999284744
-6.29624999284744
-6.44812499284744
-6.48812499284744
-6.53624999284744
-6.60812499284744
-6.63218749284744
-6.61624999284744
-6.51218749284744
-6.39218749284744
-6.15999999284744
-5.88812499284744
-5.65624999284744
-5.29624999284744
-4.92812499284744
-4.55999999284744
-4.17624999284744
-3.91218749284744
-3.51218749284744
-3.18406249284744
-2.83218749284744
-2.51999999284744
-2.11218749284744
-1.76812499284744
-1.44812499284744
-0.999999992847443
-0.624062492847443
-0.239999992847443
0.135937507152557
0.431875007152557
0.720000007152557
0.887812507152557
1.29593750715256
1.71187500715256
2.01593750715256
2.33593750715256
2.71187500715256
3.03187500715256
3.36000000715256
3.65593750715256
3.93593750715256
4.23187500715256
4.43187500715256
4.69593750715256
4.87187500715256
5.01593750715256
5.18375000715256
5.28781250715256
5.38375000715256
5.49593750715256
5.59187500715256
5.70375000715256
5.77593750715256
5.82375000715256
5.81593750715256
5.88781250715256
5.84000000715256
5.80000000715256
5.70375000715256
5.56781250715256
5.47187500715256
5.39187500715256
5.29593750715256
5.02375000715256
4.84781250715256
4.64781250715256
4.41593750715256
4.12000000715256
3.73593750715256
3.52000000715256
3.13593750715256
2.74375000715256
2.42375000715256
2.12000000715256
1.76000000715256
1.36000000715256
1.00000000715256
0.567812507152557
0.00781250715255738
-0.599999992847443
-1.08812499284744
-1.71999999284744
-2.39218749284744
-2.87218749284744
-3.09624999284744
-3.31218749284744
-3.67218749284744
-4.01624999284744
-4.29624999284744
-4.54406249284744
-4.77624999284744
-5.05624999284744
-5.25624999284744
-5.48812499284744
-5.61624999284744
-5.83218749284744
-5.98406249284744
-6.10406249284744
-6.22406249284744
-6.32812499284744
-6.41624999284744
-6.46406249284744
-6.55999999284744
-6.58406249284744
-6.59999999284744
-6.61624999284744
-6.55218749284744
-6.35999999284744
-6.20812499284744
-5.91218749284744
-5.66406249284744
-5.31218749284744
-4.91218749284744
-4.55218749284744
-4.27218749284744
-3.88812499284744
-3.53624999284744
-3.17624999284744
-2.83999999284744
-2.47999999284744
-2.11218749284744
-1.74406249284744
-1.41624999284744
-1.03218749284744
-0.624062492847443
-0.328124992847443
0.0718750071525574
0.480000007152557
0.703750007152557
0.880000007152557
1.32000000715256
1.72000000715256
2.00781250715256
2.37593750715256
2.75187500715256
3.08000000715256
3.31187500715256
3.61593750715256
4.02375000715256
4.22375000715256
4.40000000715256
4.67187500715256
4.86375000715256
5.01593750715256
5.16000000715256
5.31187500715256
5.42375000715256
5.52000000715256
5.61593750715256
5.70375000715256
5.83187500715256
5.84000000715256
5.88781250715256
5.87187500715256
5.84000000715256
5.76000000715256
5.69593750715256
5.60000000715256
5.52781250715256
5.36781250715256
5.21593750715256
5.04781250715256
4.87187500715256
4.63187500715256
4.43187500715256
4.11187500715256
3.78375000715256
3.45593750715256
3.13593750715256
2.78375000715256
2.46375000715256
2.05593750715256
1.73593750715256
1.42375000715256
0.960000007152557
0.527812507152557
0.0159375071525574
-0.559999992847443
-1.05624999284744
-1.64812499284744
-2.34406249284744
-2.83218749284744
-3.09624999284744
-3.31999999284744
-3.69624999284744
-3.99999999284744
-4.23218749284744
-4.54406249284744
-4.75218749284744
-5.07999999284744
-5.23999999284744
-5.48812499284744
-5.63999999284744
-5.87218749284744
-5.95218749284744
-6.15999999284744
-6.23218749284744
-6.27999999284744
-6.37624999284744
-6.46406249284744
-6.55999999284744
-6.59999999284744
-6.59218749284744
-6.59999999284744
-6.52812499284744
-6.40812499284744
-6.19999999284744
-5.99999999284744
-5.67999999284744
-5.34406249284744
-4.97624999284744
-4.62406249284744
-4.20812499284744
-3.91999999284744
-3.59999999284744
-3.22406249284744
-2.83218749284744
-2.53624999284744
-2.13624999284744
-1.78406249284744
-1.47218749284744
-1.03999999284744
-0.639999992847443
-0.304062492847443
0.0478125071525574
0.495937507152557
0.695937507152557
0.855937507152557
1.16781250715256
1.71187500715256
2.01593750715256
2.32000000715256
2.72000000715256
3.04781250715256
3.29593750715256
3.60781250715256
3.90375000715256
4.16000000715256
4.40000000715256
4.63187500715256
4.83187500715256
5.00000000715256
5.19187500715256
5.27187500715256
5.38375000715256
5.52000000715256
5.58375000715256
5.72781250715256
5.77593750715256
5.79187500715256
5.89593750715256
5.91187500715256
5.78375000715256
5.82375000715256
5.68000000715256
5.64781250715256
5.52781250715256
5.40000000715256
5.22375000715256
5.02375000715256
4.88000000715256
4.68781250715256
4.48781250715256
4.14375000715256
3.77593750715256
3.46375000715256
3.14375000715256
2.77593750715256
2.44000000715256
2.09593750715256
1.73593750715256
1.42375000715256
1.02375000715256
0.615937507152557
0.0718750071525574
-0.512187492847443
-0.999999992847443
-1.63999999284744
-2.32812499284744
-2.83218749284744
-3.12812499284744
-3.36812499284744
-3.65624999284744
-3.95218749284744
-4.25624999284744
-4.50406249284744
-4.71999999284744
-5.01624999284744
-5.23999999284744
-5.45624999284744
-5.61624999284744
-5.83218749284744
-5.94406249284744
-6.09624999284744
-6.17624999284744
-6.29624999284744
-6.39218749284744
-6.41624999284744
-6.57624999284744
-6.57624999284744
-6.63218749284744
-6.60812499284744
-6.54406249284744
-6.41624999284744
-6.19218749284744
-6.00812499284744
-5.65624999284744
-5.35999999284744
-5.00812499284744
-4.62406249284744
-4.23218749284744
-3.89624999284744
-3.57624999284744
-3.23999999284744
-2.86406249284744
-2.50406249284744
-2.17624999284744
-1.77624999284744
-1.44812499284744
-1.05624999284744
-0.639999992847443
-0.279999992847443
0.0800000071525574
0.423750007152557
0.695937507152557
0.863750007152557
1.21593750715256
1.68781250715256
2.03187500715256
2.34375000715256
2.68000000715256
3.04000000715256
3.30375000715256
3.54375000715256
3.92000000715256
4.16000000715256
4.44781250715256
4.62375000715256
4.80000000715256
4.98375000715256
5.16781250715256
5.28000000715256
5.35187500715256
5.52781250715256
5.58375000715256
5.70375000715256
5.76781250715256
5.89593750715256
5.88000000715256
5.92781250715256
5.87187500715256
5.71187500715256
5.69593750715256
5.66375000715256
5.53593750715256
5.41593750715256
5.31187500715256
5.05593750715256
4.82375000715256
4.68781250715256
4.38375000715256
4.16000000715256
3.82375000715256
3.53593750715256
3.11187500715256
2.88000000715256
2.47187500715256
2.10375000715256
1.80000000715256
1.40781250715256
1.01593750715256
0.583750007152557
0.0718750071525574
-0.512187492847443
-1.04812499284744
-1.56812499284744
-2.32812499284744
-2.82406249284744
-3.07218749284744
-3.33624999284744
-3.63218749284744
-3.91999999284744
-4.25624999284744
-4.46406249284744
-4.74406249284744
-5.01624999284744
-5.27218749284744
-5.47999999284744
-5.63999999284744
-5.76812499284744
-5.93624999284744
-6.08812499284744
-6.19999999284744
-6.27999999284744
-6.39999999284744
-6.45624999284744
-6.54406249284744
-6.62406249284744
-6.58406249284744
-6.61624999284744
-6.52812499284744
-6.40812499284744
-6.21624999284744
-5.99999999284744
-5.69624999284744
-5.37624999284744
-4.99999999284744
-4.62406249284744
-4.19999999284744
-3.92812499284744
-3.64812499284744
-3.26406249284744
-2.80812499284744
-2.51218749284744
-2.19999999284744
-1.81624999284744
-1.43999999284744
-1.09624999284744
-0.712187492847443
-0.344062492847443
0.0718750071525574
0.367812507152557
0.640000007152557
0.823750007152557
1.22375000715256
1.64781250715256
2.00000000715256
