3.81593742370605
4.22374992370605
4.50374992370605
4.77593742370605
5.07999992370605
5.31187492370606
5.49593742370605
5.75187492370605
5.96781242370605
6.27187492370605
6.51187492370605
6.75999992370605
7.05593742370605
7.16781242370605
7.19187492370606
7.10374992370605
7.19187492370606
7.63187492370605
7.70374992370605
7.84781242370605
8.15999992370605
8.33593742370605
8.51187492370605
8.63187492370606
8.83999992370605
9.14374992370606
9.20781242370606
9.33593742370605
9.47999992370606
9.58374992370605
9.67999992370605
9.76781242370605
9.73593742370606
9.81593742370606
9.89593742370606
10.0159374237061
10.1118749237061
10.1437499237061
10.1918749237061
10.2237499237061
10.2318749237061
10.2159374237061
10.2078124237061
10.3199999237061
10.2478124237061
10.2399999237061
10.2959374237061
10.3118749237061
10.2637499237061
10.2159374237061
10.1918749237061
10.1437499237061
9.99187492370605
9.83187492370605
9.72781242370606
9.51999992370605
9.44781242370605
9.36781242370606
9.22374992370606
9.03999992370606
8.85593742370605
8.68781242370605
8.35999992370605
7.79999992370605
7.10374992370605
6.47187492370605
5.73593742370606
5.22374992370605
5.10374992370605
4.99999992370605
4.79187492370605
4.68781242370605
4.43999992370605
4.28781242370605
4.15999992370605
3.99187492370605
3.79999992370605
3.59999992370605
3.44781242370605
3.37593742370605
3.20781242370605
2.99999992370605
2.96781242370605
2.86374992370605
2.70374992370605
2.62374992370605
2.51187492370605
2.36781242370605
2.19999992370605
2.10374992370605
2.02374992370605
2.03999992370605
2.04781242370605
2.31187492370605
2.51999992370605
2.81593742370606
3.11999992370605
3.51187492370605
3.79187492370605
4.21593742370605
4.49593742370605
4.72781242370606
5.04781242370605
5.26374992370605
5.43187492370605
5.70374992370605
5.94374992370605
6.20781242370605
6.47187492370605
6.71187492370605
7.01593742370605
7.20781242370605
7.18374992370605
7.11187492370606
7.25593742370605
7.56781242370606
7.67999992370605
7.87187492370605
8.15999992370605
8.33593742370605
8.51187492370605
8.66374992370605
8.83999992370605
9.07999992370605
9.21593742370606
9.35999992370606
9.47187492370606
9.56781242370606
9.67187492370605
9.65593742370605
9.75187492370605
9.79999992370606
9.90374992370606
9.97593742370606
10.0799999237061
10.2078124237061
10.2318749237061
10.2559374237061
10.2959374237061
10.1999999237061
10.2078124237061
10.2878124237061
10.2159374237061
10.3359374237061
10.2559374237061
10.3037499237061
10.2637499237061
10.1599999237061
10.2237499237061
10.1759374237061
9.92781242370605
9.82374992370606
9.74374992370606
9.55187492370606
9.42374992370605
9.34374992370605
9.18374992370605
9.04781242370606
8.90374992370606
8.63187492370606
8.31999992370605
7.79999992370605
7.10374992370605
6.47187492370605
5.71999992370605
5.20781242370605
5.08781242370605
4.99187492370605
4.82374992370606
4.69593742370605
4.53593742370605
4.27187492370605
4.15999992370605
4.02374992370605
3.79999992370605
3.65593742370605
3.46374992370605
3.37593742370605
3.22374992370605
3.10374992370605
2.98374992370605
2.80781242370605
2.73593742370606
2.61593742370605
2.51999992370605
2.42374992370605
2.20781242370605
2.12781242370605
2.07999992370605
2.06374992370605
2.10374992370605
2.25593742370605
2.47187492370605
2.78374992370606
3.11999992370605
3.43999992370605
3.80781242370605
4.19999992370605
4.44781242370605
4.71999992370606
5.07187492370606
5.25593742370605
5.48781242370606
5.73593742370606
5.94374992370605
6.20781242370605
6.49593742370605
6.76781242370605
6.99187492370605
7.16781242370605
7.23999992370605
7.05593742370605
7.19187492370606
7.59187492370605
7.66374992370605
7.86374992370606
8.19999992370606
8.30374992370606
8.47999992370606
8.59999992370605
8.86374992370605
9.06374992370606
9.21593742370606
9.33593742370605
9.46374992370605
9.59999992370605
9.67187492370605
9.65593742370605
9.73593742370606
9.80781242370606
9.92781242370605
9.95187492370605
10.0878124237061
10.1678124237061
10.1999999237061
10.2399999237061
10.2718749237061
10.2318749237061
10.2318749237061
10.2318749237061
10.2237499237061
10.2959374237061
10.2959374237061
10.2559374237061
10.2478124237061
10.1599999237061
10.2078124237061
10.1759374237061
9.95999992370605
9.80781242370606
9.70374992370606
9.57593742370605
9.40781242370606
9.36781242370606
9.18374992370605
8.98374992370606
8.85593742370605
8.66374992370605
8.37593742370606
7.83999992370605
7.19187492370606
6.50374992370605
5.75999992370605
5.24781242370605
5.15187492370606
5.05593742370606
4.79999992370605
4.70374992370605
4.50374992370605
4.31187492370606
4.23999992370605
4.03187492370605
3.83187492370605
3.68781242370605
3.43999992370605
3.37593742370605
3.25593742370605
3.11187492370605
2.93593742370605
2.85593742370605
2.67999992370605
2.63187492370605
2.51187492370605
2.38374992370605
2.23187492370605
2.13593742370605
2.07187492370606
2.01593742370605
2.11187492370606
2.24781242370605
2.53593742370605
2.75187492370605
3.09593742370605
3.40781242370605
3.75187492370605
4.17593742370605
4.46374992370605
4.75999992370605
5.08781242370605
5.33593742370605
5.49593742370605
5.74374992370606
5.95187492370605
6.23187492370606
6.51187492370605
6.73593742370606
6.95999992370605
7.17593742370605
7.23999992370605
7.03187492370605
7.14374992370605
7.58374992370605
7.67187492370605
7.83187492370605
8.11999992370605
8.28781242370605
8.45593742370605
8.59999992370605
8.87999992370606
9.06374992370606
9.20781242370606
9.26374992370605
9.44781242370605
9.55187492370606
9.67187492370605
9.63999992370606
9.73593742370606
9.82374992370606
9.83187492370605
9.99187492370605
10.0799999237061
10.1518749237061
10.2318749237061
10.3037499237061
10.2159374237061
10.1837499237061
10.1918749237061
10.2399999237061
10.2637499237061
10.2559374237061
10.3599999237061
10.3037499237061
10.2878124237061
10.1759374237061
10.1837499237061
10.2078124237061
10.0318749237061
9.87999992370606
9.75187492370605
9.52781242370605
9.46374992370605
9.33593742370605
9.22374992370606
9.05593742370606
8.88781242370606
8.71187492370606
8.36781242370605
7.83999992370605
7.14374992370605
6.59187492370605
5.82374992370606
5.20781242370605
5.14374992370605
5.00781242370605
4.87999992370605
4.70374992370605
4.52781242370605
4.29593742370605
4.19999992370605
3.95999992370605
3.83187492370605
3.67187492370605
3.51187492370605
3.41593742370605
3.23187492370605
3.05593742370605
2.91999992370605
2.85593742370605
2.69593742370605
2.59999992370605
2.50374992370605
2.35187492370605
2.20781242370605
2.13593742370605
2.03187492370605
2.01593742370605
2.08781242370605
2.27999992370605
2.46374992370605
2.74374992370606
3.08781242370605
3.43999992370605
3.79187492370605
4.15187492370606
4.47187492370605
4.77593742370605
5.05593742370606
5.24781242370605
5.46374992370605
5.70374992370605
5.94374992370605
6.19999992370605
6.44781242370606
6.75999992370605
6.94374992370605
7.12781242370605
7.24781242370605
7.07999992370605
7.19999992370605
7.55187492370605
7.72781242370605
7.84781242370605
8.11187492370605
8.30374992370606
8.48781242370606
8.63999992370606
8.83999992370605
9.05593742370606
9.19187492370605
9.33593742370605
9.45593742370605
9.56781242370606
9.67999992370605
9.67999992370605
9.67187492370605
9.79187492370605
9.88781242370606
9.96781242370605
10.0718749237061
10.1199999237061
10.2718749237061
10.2637499237061
10.1999999237061
10.2159374237061
10.1918749237061
10.2718749237061
10.2878124237061
10.2559374237061
10.3037499237061
10.2878124237061
10.2237499237061
10.1518749237061
10.1759374237061
10.1437499237061
9.96781242370605
9.84781242370605
9.76781242370605
9.59187492370605
9.48781242370606
9.33593742370605
9.22374992370606
9.03999992370606
8.91187492370605
8.67999992370605
8.37593742370606
7.87999992370605
7.16781242370605
6.57593742370605
5.85593742370605
5.25593742370605
5.15187492370606
5.01593742370605
4.79187492370605
4.71999992370606
4.54374992370605
4.31999992370605
4.17593742370605
4.06374992370606
3.83187492370605
3.67187492370605
3.49593742370605
3.37593742370605
3.23187492370605
3.14374992370605
2.98374992370605
2.80781242370605
2.75187492370605
2.63999992370605
2.47999992370605
2.37593742370605
2.22374992370605
2.08781242370605
2.05593742370605
2.00781242370605
2.11999992370605
2.23187492370605
2.43187492370605
2.71999992370605
3.07187492370606
3.42374992370605
3.71999992370605
4.14374992370605
4.42374992370605
4.71999992370606
5.05593742370606
5.19187492370605
5.43999992370605
5.66374992370605
5.87187492370605
6.19999992370605
6.47999992370606
6.71187492370605
6.96781242370605
7.15999992370605
7.30374992370605
7.11187492370606
7.13593742370605
7.52781242370606
7.68781242370605
7.82374992370606
8.11187492370605
8.29593742370606
8.45593742370605
8.59999992370605
8.80781242370606
9.05593742370606
9.19187492370605
9.29593742370605
9.43999992370605
9.55999992370606
9.63187492370605
9.63187492370605
9.71999992370606
9.79187492370605
9.86374992370605
10.0078124237061
10.1278124237061
10.1599999237061
10.1837499237061
10.2637499237061
10.3118749237061
10.1999999237061
10.1999999237061
10.2559374237061
10.2559374237061
10.3199999237061
10.2799999237061
10.2959374237061
10.2478124237061
10.1759374237061
10.2078124237061
10.2078124237061
10.0559374237061
9.85593742370605
9.75187492370605
9.57593742370605
9.40781242370606
9.39999992370606
9.19999992370606
9.02374992370605
8.87999992370606
8.67187492370605
8.42374992370605
7.85593742370606
7.19999992370605
6.62374992370605
5.91999992370605
5.23999992370605
5.09593742370605
5.06374992370606
4.85593742370605
4.75187492370605
4.55999992370606
4.28781242370605
4.19999992370605
3.95999992370605
3.86374992370605
3.66374992370605
3.54374992370605
3.41593742370605
3.20781242370605
3.07187492370606
2.97593742370605
2.86374992370605
2.73593742370606
2.58374992370605
2.50374992370605
2.38374992370605
2.27187492370605
2.10374992370605
2.07187492370606
2.03999992370605
2.06374992370605
2.26374992370605
2.44781242370606
2.74374992370606
3.07999992370605
3.43999992370605
3.75187492370605
4.13593742370605
4.42374992370605
4.75999992370605
4.93593742370605
5.19187492370605
5.45593742370605
5.63999992370606
5.91187492370605
6.18374992370605
6.42374992370605
6.75187492370605
6.91999992370605
7.15187492370606
7.24781242370605
7.06374992370605
7.12781242370605
7.57593742370605
7.70374992370605
7.83999992370605
8.06374992370606
8.32781242370605
8.47999992370606
8.59187492370605
8.80781242370606
9.03187492370605
9.22374992370606
9.31187492370606
9.39187492370606
9.55999992370606
9.62374992370605
9.61593742370605
9.75999992370605
9.81593742370606
9.89593742370606
9.95999992370605
10.0559374237061
10.1918749237061
10.1999999237061
10.2559374237061
10.2399999237061
10.1759374237061
10.2559374237061
10.2478124237061
10.2799999237061
10.2637499237061
10.2878124237061
10.2959374237061
10.2399999237061
10.1837499237061
10.2078124237061
10.1759374237061
10.0159374237061
9.90374992370606
9.79187492370605
9.57593742370605
9.46374992370605
9.35187492370605
9.21593742370606
9.03187492370605
8.92781242370605
8.75187492370605
8.36781242370605
7.87999992370605
7.20781242370605
6.62374992370605
5.92781242370605
5.31187492370606
5.13593742370605
5.05593742370606
4.83999992370605
4.75999992370605
4.55187492370605
4.29593742370605
4.22374992370605
3.99187492370605
3.84781242370605
3.64781242370605
3.49593742370605
3.35187492370605
3.26374992370605
3.10374992370605
2.98374992370605
2.88781242370605
2.75999992370605
2.60781242370605
2.54374992370605
2.40781242370606
2.21593742370605
2.12781242370605
2.06374992370605
2.07187492370606
2.09593742370605
2.23187492370605
2.45593742370605
2.66374992370605
3.05593742370605
3.36781242370605
3.74374992370605
4.10374992370605
4.45593742370605
4.71999992370606
4.96781242370605
5.24781242370605
5.41593742370605
5.63187492370605
5.91999992370605
6.13593742370605
6.44781242370606
6.65593742370605
6.94374992370605
7.13593742370605
7.23187492370606
7.11999992370605
7.15999992370605
7.51187492370605
7.67187492370605
7.75187492370605
8.11187492370605
8.32781242370605
8.43999992370605
8.61593742370605
8.79999992370606
9.02374992370605
9.19187492370605
9.29593742370605
9.39999992370606
9.54374992370606
9.66374992370605
9.66374992370605
9.71999992370606
9.80781242370606
9.87187492370606
9.95999992370605
10.0959374237061
10.1759374237061
10.1759374237061
10.2799999237061
10.2078124237061
10.2318749237061
10.2399999237061
10.2478124237061
10.2478124237061
10.2478124237061
10.2399999237061
10.2637499237061
10.3037499237061
10.1918749237061
10.1999999237061
10.1837499237061
10.0318749237061
9.84781242370605
9.80781242370606
9.52781242370605
9.45593742370605
9.37593742370606
9.20781242370606
9.07187492370606
8.87999992370606
8.72781242370606
8.43187492370605
7.93593742370605
7.26374992370605
6.59999992370605
5.96781242370605
5.26374992370605
5.11187492370605
5.07999992370605
4.86374992370605
4.75187492370605
4.54374992370605
4.31999992370605
4.19999992370605
3.99999992370605
3.83187492370605
3.67187492370605
3.47187492370605
3.31999992370605
3.26374992370605
3.12781242370605
3.02374992370605
2.88781242370605
2.75187492370605
2.64781242370605
2.51187492370605
2.37593742370605
2.25593742370605
2.12781242370605
2.11187492370606
2.05593742370605
2.07187492370606
2.21593742370605
2.36781242370605
2.67999992370605
2.97593742370605
3.41593742370605
3.71999992370605
4.07999992370605
4.43187492370605
4.66374992370605
5.00781242370605
5.19187492370605
5.47187492370605
5.63999992370606
5.89593742370606
6.13593742370605
6.42374992370605
6.67999992370605
6.95187492370605
7.15187492370606
7.27999992370605
7.12781242370605
7.11187492370606
7.47999992370606
7.70374992370605
7.79999992370605
8.07187492370606
8.27999992370605
8.43187492370605
8.62374992370605
8.84781242370605
8.97593742370606
9.15187492370606
9.27999992370605
9.41593742370605
9.49593742370605
9.58374992370605
9.67999992370605
9.74374992370606
9.76781242370605
9.84781242370605
9.91999992370605
10.0478124237061
10.1118749237061
10.1918749237061
10.2478124237061
10.2718749237061
10.1999999237061
10.2399999237061
10.2959374237061
10.2318749237061
10.2959374237061
10.2637499237061
10.2718749237061
10.2318749237061
10.2318749237061
10.1599999237061
10.2237499237061
10.0237499237061
9.87999992370606
9.76781242370605
9.55999992370606
9.51999992370605
9.32781242370605
9.21593742370606
9.04781242370606
8.94374992370605
8.70374992370605
8.46374992370605
7.99187492370605
7.27187492370605
6.65593742370605
6.01593742370605
5.25593742370605
5.12781242370605
5.04781242370605
4.81593742370606
4.75187492370605
4.57593742370605
4.36781242370605
4.21593742370605
4.01593742370605
3.84781242370605
3.71187492370605
3.48781242370605
3.41593742370605
3.27999992370605
3.15187492370605
2.99187492370605
2.89593742370605
2.81593742370606
2.62374992370605
2.50374992370605
2.41593742370605
2.26374992370605
2.13593742370605
2.07187492370606
2.06374992370605
2.04781242370605
2.20781242370605
2.42374992370605
2.71999992370605
3.02374992370605
3.35187492370605
3.70374992370605
4.10374992370605
4.39999992370606
4.64781242370606
4.99187492370605
5.17593742370605
5.35999992370605
5.61593742370605
5.91187492370605
6.11187492370606
6.44781242370606
6.63187492370605
6.91187492370605
7.17593742370605
7.20781242370605
7.14374992370605
7.11999992370605
7.48781242370606
7.71187492370605
7.76781242370605
8.05593742370606
8.31187492370606
8.40781242370606
8.60781242370605
8.80781242370606
9.04781242370606
9.15999992370605
9.27999992370605
9.36781242370606
9.53593742370606
9.59999992370605
9.64781242370606
9.71999992370606
9.82374992370606
9.92781242370605
9.91999992370605
10.0399999237061
10.1278124237061
10.1918749237061
10.2318749237061
10.2637499237061
10.1759374237061
10.2399999237061
10.2718749237061
10.2318749237061
10.2478124237061
10.2799999237061
10.2637499237061
10.3278124237061
10.2078124237061
10.1678124237061
10.1999999237061
10.0399999237061
9.87187492370606
9.80781242370606
9.66374992370605
9.48781242370606
9.34374992370605
9.23999992370605
9.05593742370606
8.95187492370605
8.74374992370606
8.47187492370606
8.02374992370605
7.26374992370605
6.69593742370605
6.02374992370605
5.33593742370605
5.12781242370605
5.08781242370605
4.79999992370605
4.78374992370605
4.58374992370605
4.36781242370605
4.22374992370605
4.03187492370605
3.93593742370605
3.69593742370605
3.52781242370605
3.39999992370605
3.25593742370605
3.11999992370605
2.96781242370605
2.90374992370605
2.77593742370606
2.63187492370605
2.50374992370605
2.40781242370606
2.28781242370605
2.13593742370605
2.10374992370605
2.05593742370605
2.07999992370605
2.20781242370605
2.42374992370605
2.71999992370605
2.97593742370605
3.34374992370605
3.67999992370605
4.08781242370605
4.44781242370605
4.68781242370605
4.98374992370606
5.14374992370605
5.39187492370605
5.55187492370605
5.87187492370605
6.10374992370605
6.40781242370606
6.63999992370605
6.93593742370605
7.10374992370605
7.24781242370605
7.15187492370606
7.10374992370605
7.49593742370605
7.67187492370605
7.72781242370605
