0.0527812373172489
0.105562484171241
0.163124980740249
0.232781226588413
0.333562470581382
0.424781215144321
0.539999958276749
0.647999951839447
0.763124944977462
0.902343686679378
1.03912492852658
1.18556241979823
1.33199991106987
1.5047811507713
1.63912489276379
1.73999988675118
1.82634363160469
1.96799987316132
2.0735623668693
2.19599985957146
2.3447811007034
2.45999984383583
2.59434358582832
2.7239998281002
2.85834357009269
2.98556231250986
3.11756230464205
3.24478104705922
3.35512479048222
3.47512478332967
3.55678102846257
3.64799977302551
3.71756226887926
3.78956226458773
3.85678101058118
3.89999975800514
3.97912475328892
4.04399974942207
4.11356224527583
4.15199974298477
4.19034349069931
4.20478098983876
4.2431247375533
4.25999973654747
4.27199973583221
4.28878098483197
4.31034348354675
4.31034348354675
4.2959997344017
4.29112473469228
4.28878098483197
4.30312473397702
4.29356223454699
4.31756223311648
4.33199973225594
4.32712473254651
4.31512473326176
4.34399973154068
4.34634348140098
4.35356223097071
4.35356223097071
4.33199973225594
4.27199973583221
4.14712474327535
3.92878100628965
3.63834352360107
3.33112479191273
3.01199981093407
2.71678107853048
2.46956234326586
2.21999985814095
1.98956237187609
1.76156238546595
1.57678114647977
1.37756240835413
1.19756241908297
1.01034368024208
0.837562440540641
0.695999948978424
0.54234370813705
0.410343716004863
0.268781224442646
0.167999980449676
0.04556248774752
-0.0360000073909761
-0.0792187548149379
-0.0792187548149379
-0.057656256100163
-0.0504375065304341
-0.0240000081062319
0.0191249893233179
0.0239999890327451
0.0335624884627759
0.0263437388930468
0.0287812387477606
0.0311249886080622
0.0311249886080622
0.0359999883174895
0.0503437374625353
0.0887812351714818
0.165562480594963
0.247124975733459
0.304781222296879
0.422343715289607
0.539999958276749
0.64312495213002
0.748781195832416
0.892781187249348
1.03912492852658
1.17356242051348
1.33678116078489
1.4783436523471
1.62234364376403
1.72799988746643
1.83834363088943
1.97034362302162
2.07112486701459
2.17912486057729
2.32556235184893
2.45999984383583
2.58478108639829
2.70234357939102
2.85599982023239
2.97599981307983
3.13434355364181
3.24712479691952
3.36234354005195
3.46799978375435
3.55434352860786
3.64078102345578
3.71278101916425
3.79678101415746
3.84712476115674
3.91199975728989
3.98156225314364
4.05112474899739
4.09678099627607
4.15434349284507
4.19512474041432
4.21199973940849
4.23356223812327
4.27199973583221
4.28156223526225
4.2695622359775
4.27912473540753
4.298343484262
4.29356223454699
4.28878098483197
4.2959997344017
4.30799973368645
4.2959997344017
4.31278098340146
4.31034348354675
4.33434348211624
4.32712473254651
4.351124731116
4.351124731116
4.351124731116
4.35356223097071
4.34156223168597
4.28634348497726
4.15678099269979
3.93356225600466
3.64078102345578
3.33834354148246
3.01912481050938
2.73834357724525
2.46234359369613
2.2367811071407
1.99912487130612
1.79512488346547
1.58156239619479
1.39912490706891
1.18556241979823
1.01999992966652
0.854343689540401
0.700781198693439
0.551999957561493
0.405562466289848
0.278343723872676
0.167999980449676
0.0647812366019933
-0.00487500924617068
-0.0672187555301935
-0.103218753384426
-0.0528750063851477
-0.0408750071004034
-0.0192187583912165
0.0191249893233179
0.0287812387477606
0.0287812387477606
0.0431249878928064
0.0287812387477606
0.0239999890327451
0.0071249900385737
0.0287812387477606
0.0359999883174895
0.0863437353167682
0.163124980740249
0.232781226588413
0.331124970726669
0.415124965719879
0.523124959282577
0.631124952845275
0.767999944686889
0.899999936819076
1.01999992966652
1.17112492065877
1.3127811622154
1.46878115291707
1.62956239333376
1.74712488632649
1.83356238117442
1.94156237473711
2.07599986672401
2.17434361086227
2.3183436022792
2.46712484341115
2.57999983668327
2.71434357867576
2.84878107066266
2.98799981236458
3.10799980521202
3.23999979734421
3.36478103990667
3.46799978375435
3.54712477903813
3.63834352360107
3.71512476902455
3.78712476473302
3.84234351144172
3.90234350786544
3.96478100414388
4.0535622488521
4.08956224670634
4.15434349284507
4.19512474041432
4.21912473898381
4.2431247375533
4.25999973654747
4.27912473540753
4.27912473540753
4.30078098411672
4.28634348497726
4.30799973368645
4.29356223454699
4.28156223526225
4.30799973368645
4.31278098340146
4.31756223311648
4.31034348354675
4.32234348283149
4.33199973225594
4.351124731116
4.351124731116
4.35599973082542
4.36799973011017
4.35356223097071
4.2959997344017
4.16878099198453
3.93599975585938
3.65278102274053
3.34312479119748
3.04556230893359
2.73834357724525
2.48399984240532
2.22956235757098
2.00634362087585
1.78556238403544
1.58878114576451
1.39434365735389
1.21434366808273
1.02234367952682
0.839999940395355
0.688781199408695
0.554343707421795
0.417562465574592
0.285562473442405
0.163124980740249
0.0623437367472797
-0.0168750085309148
-0.0696562553849074
-0.0960000038146975
-0.0696562553849074
-0.0456562568154189
-0.0168750085309148
0.0167812394630162
0.0263437388930468
0.0287812387477606
0.0383437381777911
0.0239999890327451
0.0215624891780315
0.0263437388930468
0.0335624884627759
0.0383437381777911
0.0959999847412107
0.143999981880188
0.235124976448715
0.321562471296638
0.419999965429306
0.525562459137291
0.628781202984974
0.767999944686889
0.885562437679619
1.01999992966652
1.16634367094375
1.30799991250038
1.47112490277737
1.62234364376403
1.71599988818169
1.8311248813197
1.94399987459183
2.04956236829981
2.18399986028671
2.29678110356443
2.44312484484166
2.57999983668327
2.70956232896075
2.85112482052296
2.98556231250986
3.10312480550259
3.23034354791977
3.35278104062192
3.45356228461489
3.54478102917783
3.62878102417104
3.71756226887926
3.76799976587296
3.83756226172671
3.92156225671992
3.96234350428917
4.03434349999763
4.10399974584579
4.14712474327535
4.19278099055402
4.22399973869324
4.25034348712303
4.26478098626249
4.28399973511696
4.29112473469228
4.31034348354675
4.29356223454699
4.2959997344017
4.30312473397702
4.2959997344017
4.27912473540753
4.30799973368645
4.31999973297119
4.31278098340146
4.32234348283149
4.34156223168597
4.32956223240122
4.35356223097071
4.35599973082542
4.35834348068573
4.34634348140098
4.31034348354675
4.16634349212982
3.94078100557439
3.65756227245554
3.37199978947639
3.05278105850332
2.75512482624501
2.48878109212033
2.23912485700101
2.00878112073056
1.7999998831749
1.59356239547953
1.38712490778416
1.21199991822243
1.03678117866628
0.86156243911013
0.691124949268997
0.551999957561493
0.422343715289607
0.273562474157661
0.163124980740249
0.0551249871775505
-0.0264375079609456
-0.072000005245209
-0.0864375043846668
-0.0744375050999226
-0.0504375065304341
-0.0216562582459303
0.0239999890327451
0.0359999883174895
0.0407812380325048
0.0311249886080622
0.0215624891780315
0.0191249893233179
0.0287812387477606
0.0263437388930468
0.0311249886080622
0.0791249857470391
0.158343731025234
0.22312497716397
0.319124971441924
0.407999966144562
0.501562460567802
0.62634370313026
0.746343695977703
0.871124938540161
1.00556243052706
1.16156242122874
1.31999991178513
1.46399990320206
1.62956239333376
1.72556238761172
1.81199988245964
1.9367811250221
2.06634361729957
2.16712486129254
2.30878110284917
2.44078109498136
2.56556233754382
2.69278107996099
2.8343435715232
2.97112481337041
3.11278105492704
3.23756229748949
3.35756229033694
3.44399978518486
3.53999977946281
3.63356227388605
3.70078101987951
3.77756226530299
3.84712476115674
3.89999975800514
3.97912475328892
4.0271247504279
4.09199974656105
4.14234349356033
4.18556224098429
4.22878098840825
4.23356223812327
4.25034348712303
4.25999973654747
4.29112473469228
4.29356223454699
4.31512473326176
4.30078098411672
4.298343484262
4.28399973511696
4.30556223383173
4.2959997344017
4.31512473326176
4.32234348283149
4.32478098268621
4.31999973297119
4.36556223025545
4.33678098197095
4.35599973082542
4.34399973154068
4.351124731116
4.30312473397702
4.17834349141456
3.96712475400418
3.68399977087975
3.38634353862144
3.06956230750307
2.77434357509948
2.49356234183535
2.2631248555705
2.01599987030029
1.80956238260493
1.60799989461899
1.40878115649335
1.21434366808273
1.03912492852658
0.873562438394874
0.707999948263168
0.580781205845997
0.427124965004623
0.28078122372739
0.179999979734421
0.0647812366019933
-0.0168750085309148
-0.0768750049546363
-0.0768750049546363
-0.0768750049546363
-0.0528750063851477
-0.0168750085309148
0.011999989748001
0.0335624884627759
0.0263437388930468
0.0407812380325048
0.0191249893233179
0.0311249886080622
0.0167812394630162
0.0263437388930468
0.04556248774752
0.0935624848864971
0.155999981164932
0.215999977588653
0.314343721726909
0.403124966435134
0.503999960422516
0.621562453415245
0.739124946407974
0.866343688825145
1.01512492995709
1.15678117151372
1.29356241336092
1.47112490277737
1.61512489419431
1.70399988889694
1.80712488275021
1.92712487559766
2.05199986815453
2.17434361086227
2.29678110356443
2.43834359512664
2.57756233682856
2.69512482982129
2.82956232180819
2.97356231322512
3.09834355578758
3.22556229820475
3.34312479119748
3.44399978518486
3.5375622796081
3.63356227388605
3.69356227030978
3.78956226458773
3.85912476044148
3.90234350786544
3.97434350357391
4.0271247504279
4.08478099699132
4.13999974370003
4.19034349069931
4.22399973869324
4.23356223812327
4.25512473683804
4.26712473612279
4.28399973511696
4.29356223454699
4.2959997344017
4.29356223454699
4.29356223454699
4.28156223526225
4.30078098411672
4.29112473469228
4.29112473469228
4.32234348283149
4.32478098268621
4.32234348283149
4.33434348211624
4.35834348068573
4.35599973082542
4.3487809812557
4.34634348140098
4.31512473326176
4.19278099055402
3.97199975371361
3.69356227030978
3.37199978947639
3.07434355721809
2.78399982452393
2.50799984097481
2.27999985456467
2.0447811185848
1.82399988174438
1.60799989461899
1.41834365592338
1.2047811686527
1.04399992823601
0.866343688825145
0.715124947838485
0.55912495713681
0.427124965004623
0.283124973587692
0.189562479164451
0.0671249864622949
-0.00965625896118594
-0.0840000045299532
-0.0864375043846668
-0.0816562546696515
-0.0528750063851477
-0.0192187583912165
0.00478124017827208
0.0263437388930468
0.0311249886080622
0.0383437381777911
0.0335624884627759
0.00956248989328734
0.0167812394630162
0.0239999890327451
0.0383437381777911
0.0695624863170086
0.148781231595203
0.235124976448715
0.29756247272715
0.395999966859817
0.489562461283058
0.604781204415485
0.746343695977703
0.86156243911013
1.01034368024208
1.16156242122874
1.29599991321564
1.44234365449287
1.59356239547953
1.72556238761172
1.81678113217466
1.92956237545237
2.0471248684451
2.16956236114725
2.2895623539947
2.44312484484166
2.56556233754382
2.70234357939102
2.8343435715232
2.95912481408566
3.10078105564229
3.23278104777448
3.33599979162216
3.44634353504516
3.54234352932312
3.63834352360107
3.70799976944923
3.77756226530299
3.84712476115674
3.90956225743517
3.95034350500442
4.01034350142814
4.08478099699132
4.1351247439906
4.187999740839
4.22156223883852
4.24556223740801
4.2431247375533
4.27199973583221
4.28878098483197
4.30312473397702
4.29356223454699
4.30078098411672
4.29356223454699
4.28156223526225
4.298343484262
4.298343484262
4.32956223240122
4.31512473326176
4.33199973225594
4.33434348211624
4.33434348211624
4.351124731116
4.35834348068573
4.35834348068573
4.351124731116
4.30312473397702
4.19034349069931
3.97678100342862
3.70312476973981
3.39599978804588
3.08878105635755
2.80312482338399
2.51278109068982
2.27034360514022
2.05199986815453
1.82634363160469
1.61034364447929
1.41834365592338
1.2335624169372
1.05599992752075
0.883124937824905
0.719999947547912
0.561562456991523
0.436781214429065
0.302343722442165
0.189562479164451
0.0863437353167682
-0.00243750939145704
-0.0648750056698919
-0.0768750049546363
-0.0744375050999226
-0.0552187562454494
-0.0288750078156592
0.00234374032355822
0.0287812387477606
0.0287812387477606
0.0431249878928064
0.0239999890327451
0.0335624884627759
0.0287812387477606
0.0239999890327451
0.0335624884627759
0.0935624848864971
0.146343731740489
0.215999977588653
0.302343722442165
0.395999966859817
0.499124960713088
0.602343704560772
0.736781196547672
0.871124938540161
1.00078118081205
1.12799992322922
1.29834366307594
1.44234365449287
1.60078114504926
1.723124887757
1.78799988389015
1.92712487559766
2.04234361873008
2.15034361229278
2.28478110427968
2.43834359512664
2.55356233825907
2.68312483053654
2.82478107209317
2.95199981451035
3.08634355650283
3.22312479835004
3.32634354219772
3.44156228533015
3.54234352932312
3.63112477403134
3.70556226959452
3.77756226530299
3.83512476187199
3.90234350786544
3.96234350428917
4.03912474971265
4.09434349642135
4.1327809941303
4.18078099126928
4.19756224026904
4.22399973869324
4.25512473683804
4.27434348569252
4.28634348497726
4.30799973368645
4.31756223311648
4.2959997344017
4.28634348497726
4.2959997344017
4.31034348354675
4.2959997344017
4.31034348354675
4.31278098340146
4.32956223240122
4.33434348211624
4.33434348211624
4.3487809812557
4.35356223097071
4.36799973011017
4.35834348068573
4.31756223311648
4.19278099055402
3.98399975299835
3.70312476973981
3.41512478690594
3.10312480550259
2.78878107423894
2.5319998395443
2.27278110499494
2.0447811185848
1.83356238117442
1.63199989318848
1.44234365449287
1.2335624169372
1.06078117723577
0.873562438394874
0.72712494712323
0.575999956130981
0.424781215144321
0.290343723157421
0.187124979309738
0.0911249850317835
0.00234374032355822
-0.0648750056698919
-0.0912187540996821
-0.0792187548149379
-0.057656256100163
-0.0192187583912165
0.00478124017827208
0.0311249886080622
0.0359999883174895
0.0287812387477606
0.0407812380325048
0.00234374032355822
0.0335624884627759
0.0359999883174895
0.0191249893233179
0.0671249864622949
0.136781232310459
0.215999977588653
0.309562472011894
0.388781217290088
0.503999960422516
0.6095624541305
0.72712494712323
0.866343688825145
0.991124931387603
1.13512492280453
1.27912491422147
1.44234365449287
1.59599989533424
1.71112488847226
1.79756238332018
1.91512487631291
2.03034361944534
2.15034361229278
2.28712485413998
2.42878109569661
2.55112483840436
2.68799983024597
2.81512482266873
2.9423435650859
3.09112480621785
3.21599979877472
3.32399979233742
3.4295622860454
3.52556228032336
3.62156227460131
3.70556226959452
3.76556226601824
3.83034351215698
3.89278100843541
3.94312475543469
4.03434349999763
4.07999974727631
4.14712474327535
4.18312474112958
4.21678098912351
4.23599973797798
4.26478098626249
4.27434348569252
4.28399973511696
4.29356223454699
4.30078098411672
4.30312473397702
4.30556223383173
4.28399973511696
4.30799973368645
4.298343484262
4.31278098340146
4.32234348283149
4.32234348283149
4.31034348354675
4.33434348211624
4.34156223168597
4.35599973082542
4.35834348068573
4.35834348068573
4.31756223311648
4.20712473969907
3.9959997522831
3.7271247683093
3.43434353576042
3.11278105492704
2.81999982237816
2.5343435894046
2.28234360442497
2.05434361801483
1.83356238117442
1.63199989318848
1.43278115506284
1.24556241622195
1.06078117723577
0.897562436964363
0.717562447693199
0.587999955415726
0.441562464144081
0.319124971441924
0.19678122873418
0.0863437353167682
-0.00487500924617068
-0.0552187562454494
-0.0960000038146975
-0.0816562546696515
-0.057656256100163
-0.0336562575306745
0.011999989748001
0.0407812380325048
0.0167812394630162
0.0335624884627759
0.0263437388930468
0.0287812387477606
0.0167812394630162
0.0215624891780315
0.0359999883174895
0.0719999861717222
0.141562482025474
0.211124977879226
0.302343722442165
0.386343717435375
0.496781210852787
0.607124954275787
0.72712494712323
0.854343689540401
0.991124931387603
1.1255624233745
1.28156241407618
1.42799990534782
1.58156239619479
1.71599988818169
1.8023436330352
1.91999987602234
2.03999986886978
2.14312486272305
2.27278110499494
2.41199984669685
2.54399983882904
2.66634358153678
2.81034357295372
2.94712481480092
3.0767810570728
3.20634354935028
3.32399979233742
3.42478103633039
3.52556228032336
3.62399977445602
3.70556226959452
3.77034351573326
3.83756226172671
3.90234350786544
3.96234350428917
4.02956225028262
4.08478099699132
4.1351247439906
4.16878099198453
4.21434348926879
4.22878098840825
4.25512473683804
4.25999973654747
4.29112473469228
4.29112473469228
4.30078098411672
4.29356223454699
4.29112473469228
4.27199973583221
4.31999973297119
4.30556223383173
4.31512473326176
4.32712473254651
4.351124731116
4.33199973225594
4.33678098197095
4.34156223168597
4.34634348140098
4.36312473040074
4.34399973154068
4.32234348283149
4.21199973940849
4.01512475114316
3.74878101701848
3.4295622860454
3.11512480478734
2.81756232252345
2.55599983811378
2.30878110284917
2.08312486629933
1.85999987959862
1.64399989247322
1.44478115434758
1.25034366593696
1.0703436766658
0.899999936819076
0.746343695977703
0.592781205130741
0.439124964289367
0.292781223012134
0.19678122873418
0.0863437353167682
-9.53674339498889E-09
-0.057656256100163
-0.0888750042393804
-0.0696562553849074
-0.0648750056698919
-0.0312187576759608
0.00234374032355822
0.0287812387477606
0.0311249886080622
0.0431249878928064
0.0359999883174895
0.0239999890327451
0.011999989748001
0.0287812387477606
0.0191249893233179
0.0815624856017529
0.12956248274073
0.215999977588653
0.29756247272715
0.369562468435615
0.484781211568043
0.604781204415485
0.717562447693199
0.847124939970672
0.981562431957573
1.12078117365949
1.26956241479144
1.43278115506284
1.57434364662506
1.69912488918751
1.79034363375045
1.91756237616763
2.03512486916035
2.14312486272305
