80.1999961853027
78.0796836853027
76.1187461853027
74.4390586853027
73.7593711853027
72.9187461853027
71.7999961853027
70.5593711853027
69.0390586853027
67.5999961853027
66.0390586853027
64.5593711853027
62.5593711853027
60.8390586853027
58.0390586853027
55.1593711853027
51.5187461853027
48.4796836853027
45.7187461853027
42.3999961853027
39.1187461853027
36.1187461853027
33.3187461853027
30.6390586853027
27.5187461853027
25.3187461853027
23.0390586853027
21.0390586853027
19.4390586853027
18.1999961853027
17.2390586853027
16.1999961853027
15.1593711853027
14.7593711853027
13.9187461853027
13.6796836853027
12.9999961853027
12.5187461853027
12.0390586853027
11.5999961853027
11.2796836853027
10.5187461853027
9.99999618530273
9.91874618530273
9.95937118530274
9.47968368530273
9.31874618530274
9.43905868530273
9.03905868530273
8.95937118530274
8.79999618530273
9.43905868530273
9.11874618530273
9.51874618530273
9.79999618530273
9.75937118530273
10.3999961853027
10.8390586853027
11.4796836853027
12.4390586853027
13.7187461853027
15.5999961853027
19.1999961853027
28.2390586853027
41.9187461853027
54.1187461853027
58.1593711853027
59.1187461853027
59.7593711853027
61.3593711853027
62.8390586853027
64.7593711853027
66.5187461853027
68.9187461853027
70.9187461853027
72.5593711853027
74.5593711853027
75.9999961853027
77.4390586853027
79.1187461853027
80.1187461853027
81.0796836853027
81.2796836853027
81.3593711853027
80.9999961853027
79.4390586853027
77.1999961853027
74.9999961853027
73.8796836853027
74.5593711853027
76.1593711853027
78.3593711853027
80.3593711853027
81.4796836853027
81.9999961853027
81.9999961853027
81.5593711853027
81.1999961853027
80.1187461853027
78.4390586853027
75.9187461853027
74.5593711853027
73.7999961853027
72.9999961853027
71.6796836853027
70.4390586853027
69.2390586853027
67.7999961853027
66.1999961853027
64.4796836853027
62.8390586853027
60.7999961853027
58.4796836853027
55.1999961853027
51.3593711853027
48.5187461853027
45.5999961853027
42.3999961853027
39.3187461853027
36.3999961853027
33.5187461853027
30.8390586853027
28.0796836853027
25.2390586853027
23.1999961853027
21.3999961853027
19.5999961853027
18.1593711853027
17.3187461853027
16.2796836853027
15.2796836853027
14.5999961853027
13.9593711853027
13.3999961853027
12.9999961853027
12.3187461853027
11.9593711853027
11.5999961853027
11.3187461853027
10.7593711853027
10.5187461853027
10.1593711853027
9.95937118530274
9.51874618530273
9.43905868530273
9.35937118530273
9.11874618530273
9.07968368530273
9.19999618530273
9.31874618530274
9.03905868530273
9.39999618530273
9.71874618530273
9.75937118530273
10.2390586853027
10.7999961853027
11.4390586853027
12.4796836853027
13.9187461853027
15.5999961853027
19.0796836853027
27.8390586853027
41.5187461853027
53.5593711853027
58.5187461853027
59.0796836853027
59.3999961853027
61.0796836853027
62.6390586853027
64.5593711853027
67.0390586853027
68.8390586853027
70.6390586853027
72.5999961853027
74.5593711853027
75.8390586853027
77.5593711853027
78.9999961853027
80.2390586853027
81.0796836853027
81.5593711853027
81.3593711853027
80.9999961853027
79.7187461853027
77.2390586853027
74.8796836853027
73.9593711853027
74.5999961853027
76.3187461853027
78.5187461853027
80.3187461853027
81.4390586853027
81.8796836853027
81.8796836853027
81.5187461853027
80.9187461853027
80.1593711853027
78.3999961853027
76.0796836853027
74.4390586853027
73.7593711853027
72.9593711853027
71.7187461853027
70.6796836853027
69.1593711853027
67.9999961853027
66.3999961853027
64.7187461853027
62.7187461853027
60.7593711853027
58.2796836853027
55.2390586853027
51.7999961853027
48.7187461853027
45.7187461853027
42.4390586853027
39.3999961853027
36.4390586853027
33.5999961853027
30.3593711853027
27.9187461853027
25.4390586853027
23.0796836853027
21.3593711853027
19.6390586853027
18.3999961853027
17.1593711853027
16.2796836853027
15.1593711853027
14.7187461853027
14.2390586853027
13.7999961853027
13.2390586853027
12.5187461853027
12.3999961853027
11.7999961853027
11.1593711853027
10.7187461853027
10.3593711853027
10.1999961853027
9.79999618530273
9.39999618530273
9.15937118530273
9.15937118530273
9.27968368530274
9.03905868530273
9.15937118530273
9.47968368530273
9.23905868530273
9.39999618530273
9.59999618530274
9.83905868530273
10.2796836853027
10.8390586853027
11.8390586853027
12.3593711853027
13.5999961853027
15.3999961853027
18.8390586853027
26.9999961853027
41.0390586853027
53.3593711853027
58.1593711853027
59.2390586853027
59.3593711853027
60.7999961853027
62.5999961853027
64.5999961853027
66.9187461853027
68.5593711853027
70.8390586853027
72.5593711853027
74.3999961853027
75.9593711853027
77.2796836853027
78.9999961853027
80.0390586853027
81.0390586853027
81.6796836853027
81.9187461853027
81.2390586853027
79.6390586853027
77.3593711853027
75.0796836853027
73.7593711853027
74.4390586853027
75.9999961853027
78.2796836853027
80.4796836853027
81.3187461853027
82.1187461853027
81.8390586853027
81.5999961853027
81.0390586853027
80.2796836853027
78.1999961853027
76.1999961853027
74.5593711853027
73.9593711853027
72.9999961853027
71.8390586853027
70.7999961853027
69.1999961853027
67.9593711853027
66.2796836853027
64.6796836853027
62.9187461853027
60.9593711853027
58.7187461853027
55.5593711853027
51.8390586853027
48.9187461853027
45.7999961853027
42.6390586853027
39.5187461853027
36.7999961853027
33.7187461853027
30.5593711853027
28.1593711853027
25.3593711853027
23.2390586853027
21.3187461853027
19.5999961853027
18.5187461853027
17.1593711853027
15.9999961853027
15.3187461853027
14.9187461853027
13.8390586853027
13.5593711853027
13.0796836853027
12.5187461853027
12.0390586853027
11.5999961853027
11.0390586853027
10.8796836853027
10.2796836853027
10.1187461853027
9.95937118530274
9.83905868530273
9.31874618530274
9.31874618530274
9.15937118530273
9.31874618530274
9.19999618530273
9.43905868530273
9.27968368530274
9.51874618530273
9.59999618530274
9.99999618530273
10.3593711853027
11.0796836853027
11.2390586853027
12.5593711853027
13.5593711853027
15.3999961853027
18.4390586853027
26.8796836853027
40.5593711853027
52.9187461853027
58.3187461853027
59.1999961853027
59.5999961853027
60.9187461853027
62.5593711853027
64.6796836853027
66.8390586853027
68.4796836853027
70.5593711853027
72.4390586853027
73.8390586853027
76.0796836853027
77.2796836853027
78.5999961853027
79.8796836853027
80.9999961853027
81.5187461853027
81.6390586853027
81.1999961853027
79.8390586853027
77.3999961853027
75.1999961853027
73.8796836853027
74.3593711853027
75.8390586853027
78.0390586853027
80.1999961853027
81.5187461853027
81.9593711853027
81.8796836853027
81.1187461853027
81.2390586853027
80.3187461853027
78.2796836853027
76.1593711853027
74.5999961853027
74.1999961853027
72.8796836853027
72.0390586853027
70.7593711853027
69.0796836853027
67.9999961853027
66.3999961853027
64.6796836853027
63.1187461853027
61.0390586853027
58.6390586853027
55.4390586853027
52.1187461853027
48.9593711853027
45.7187461853027
42.8390586853027
39.6390586853027
36.4390586853027
33.8390586853027
30.9593711853027
28.2796836853027
25.5999961853027
23.4390586853027
21.5999961853027
19.9187461853027
18.3999961853027
17.1593711853027
16.3187461853027
15.5593711853027
14.4796836853027
14.1999961853027
13.4390586853027
12.8390586853027
12.7593711853027
12.3593711853027
11.7187461853027
11.1593711853027
10.9999961853027
10.4796836853027
10.2390586853027
9.79999618530273
9.67968368530273
9.35937118530273
9.07968368530273
9.47968368530273
9.03905868530273
9.07968368530273
9.11874618530273
9.11874618530273
9.43905868530273
9.75937118530273
9.91874618530273
10.3187461853027
10.7999961853027
11.3187461853027
12.3593711853027
13.5187461853027
15.3999961853027
18.4390586853027
26.1999961853027
39.8390586853027
52.4390586853027
58.0796836853027
59.0796836853027
59.0390586853027
60.6796836853027
62.5593711853027
64.6390586853027
66.3999961853027
68.5593711853027
70.6796836853027
72.5593711853027
74.2390586853027
75.9593711853027
77.3187461853027
78.7999961853027
79.9187461853027
80.9999961853027
81.4796836853027
81.7187461853027
81.1999961853027
80.1593711853027
77.2796836853027
75.2796836853027
74.0796836853027
74.3999961853027
75.8796836853027
78.0390586853027
79.9999961853027
81.3593711853027
81.8390586853027
82.0390586853027
81.5999961853027
81.1593711853027
80.3187461853027
78.4390586853027
75.9999961853027
74.6796836853027
73.8796836853027
73.1999961853027
71.9187461853027
70.7187461853027
69.2390586853027
68.1593711853027
66.7187461853027
64.9187461853027
63.2390586853027
60.8796836853027
58.9187461853027
55.9187461853027
52.1187461853027
49.1187461853027
46.1999961853027
43.0796836853027
39.6796836853027
36.7999961853027
34.0390586853027
31.0390586853027
28.1999961853027
25.5593711853027
23.2796836853027
21.4796836853027
19.8390586853027
18.3999961853027
17.3187461853027
16.3187461853027
15.4796836853027
14.6390586853027
14.1593711853027
13.7593711853027
13.3999961853027
12.7187461853027
12.0796836853027
11.8796836853027
10.9999961853027
10.6796836853027
10.2796836853027
10.0796836853027
9.87968368530273
9.67968368530273
9.43905868530273
9.43905868530273
9.03905868530273
8.91874618530273
9.19999618530273
9.39999618530273
9.07968368530273
9.43905868530273
9.55937118530273
9.91874618530273
10.2390586853027
10.9187461853027
11.3187461853027
12.3593711853027
13.3187461853027
15.1999961853027
18.1593711853027
25.8796836853027
39.3999961853027
51.9593711853027
58.1593711853027
59.0796836853027
59.5187461853027
60.9999961853027
62.3999961853027
64.5187461853027
66.5593711853027
68.4390586853027
70.3593711853027
72.3593711853027
74.2390586853027
75.7187461853027
77.3999961853027
78.9593711853027
79.8796836853027
80.8796836853027
81.5187461853027
81.6390586853027
81.1187461853027
79.8390586853027
77.5187461853027
75.1187461853027
74.1187461853027
74.1593711853027
75.7593711853027
77.7999961853027
79.9593711853027
81.3593711853027
81.6390586853027
81.6796836853027
81.5999961853027
81.1999961853027
80.5999961853027
78.5187461853027
76.3999961853027
74.7593711853027
73.5999961853027
73.1593711853027
71.9593711853027
70.6796836853027
69.4390586853027
68.1593711853027
66.5593711853027
64.7593711853027
63.2796836853027
61.1187461853027
58.8796836853027
55.9999961853027
52.1593711853027
49.1187461853027
46.3593711853027
43.2390586853027
40.0390586853027
37.1187461853027
34.1999961853027
30.8796836853027
28.3187461853027
25.8390586853027
23.5187461853027
21.5187461853027
19.9187461853027
18.4390586853027
17.1999961853027
16.3999961853027
15.3999961853027
14.6390586853027
14.3593711853027
13.7187461853027
13.1187461853027
12.8390586853027
12.1187461853027
11.7593711853027
11.2390586853027
10.7999961853027
10.5593711853027
9.91874618530273
9.79999618530273
9.39999618530273
9.51874618530273
9.23905868530273
9.11874618530273
8.91874618530273
9.15937118530273
9.19999618530273
9.15937118530273
9.19999618530273
9.43905868530273
9.91874618530273
10.3999961853027
10.8796836853027
11.5187461853027
12.3187461853027
13.5999961853027
14.8796836853027
18.1999961853027
25.3187461853027
38.9187461853027
51.9187461853027
57.8390586853027
59.0390586853027
59.1999961853027
60.6390586853027
62.1999961853027
64.2390586853027
66.4390586853027
68.1999961853027
70.3593711853027
72.0390586853027
73.7999961853027
75.6390586853027
77.4390586853027
78.7187461853027
79.7593711853027
80.7187461853027
81.3187461853027
81.6390586853027
81.2796836853027
79.9593711853027
77.7187461853027
75.2390586853027
73.9187461853027
74.1187461853027
75.7593711853027
77.8390586853027
79.9187461853027
81.3187461853027
81.9593711853027
81.8390586853027
81.4796836853027
81.3187461853027
80.7999961853027
78.6390586853027
76.3999961853027
74.5999961853027
74.1187461853027
73.1999961853027
72.0390586853027
70.8796836853027
69.3187461853027
67.9999961853027
66.5999961853027
64.9187461853027
63.3187461853027
61.2390586853027
58.8796836853027
55.9187461853027
52.5593711853027
49.3187461853027
46.5187461853027
43.2390586853027
39.8390586853027
37.1187461853027
34.0796836853027
31.3187461853027
28.4796836853027
25.7999961853027
23.7593711853027
21.6796836853027
19.8796836853027
18.3593711853027
17.4390586853027
16.5593711853027
15.8796836853027
14.7187461853027
14.1999961853027
13.6390586853027
13.0796836853027
12.5999961853027
12.2390586853027
11.7593711853027
11.2390586853027
11.0390586853027
10.5593711853027
10.2390586853027
9.87968368530273
9.43905868530273
9.47968368530273
9.43905868530273
9.27968368530274
9.15937118530273
9.15937118530273
9.23905868530273
9.19999618530273
9.43905868530273
9.67968368530273
9.87968368530273
10.1999961853027
10.6390586853027
11.4390586853027
12.2390586853027
13.4390586853027
14.9593711853027
17.8796836853027
25.1187461853027
38.1187461853027
51.4390586853027
57.7999961853027
59.1593711853027
59.1593711853027
60.6390586853027
62.3593711853027
64.1187461853027
66.3999961853027
68.4390586853027
70.1999961853027
71.9593711853027
74.1593711853027
75.8390586853027
77.2796836853027
78.5187461853027
79.6796836853027
80.7999961853027
81.5187461853027
81.6796836853027
81.3187461853027
80.1999961853027
77.6390586853027
75.3593711853027
73.8796836853027
74.4390586853027
75.6796836853027
77.8390586853027
79.8390586853027
81.5187461853027
81.8796836853027
81.6390586853027
81.6390586853027
81.1187461853027
80.5187461853027
78.6390586853027
76.5187461853027
75.1593711853027
74.1593711853027
73.2796836853027
72.0390586853027
70.9593711853027
69.6390586853027
68.3999961853027
66.5593711853027
65.0390586853027
63.1999961853027
61.4796836853027
59.1999961853027
56.1187461853027
52.5999961853027
49.4390586853027
46.7187461853027
43.2390586853027
40.0390586853027
37.1999961853027
34.3187461853027
31.2390586853027
28.5999961853027
25.9593711853027
23.7187461853027
21.6390586853027
19.9187461853027
18.8796836853027
17.3187461853027
16.4796836853027
15.5187461853027
14.8390586853027
14.1593711853027
13.6796836853027
13.1187461853027
12.7593711853027
12.1593711853027
11.6390586853027
11.1999961853027
10.6796836853027
10.6390586853027
10.2390586853027
9.71874618530273
9.67968368530273
9.59999618530274
9.27968368530274
9.51874618530273
8.91874618530273
9.03905868530273
9.31874618530274
9.19999618530273
9.43905868530273
9.63905868530274
9.51874618530273
10.3593711853027
10.7999961853027
11.4796836853027
11.9187461853027
13.3999961853027
14.6796836853027
17.6390586853027
24.6390586853027
37.6390586853027
51.1593711853027
57.8390586853027
59.1187461853027
59.1999961853027
60.7999961853027
62.3593711853027
64.1999961853027
66.3593711853027
68.3999961853027
70.3187461853027
72.1187461853027
74.0390586853027
75.7187461853027
77.1593711853027
78.3999961853027
79.7999961853027
80.5999961853027
81.3593711853027
81.7187461853027
81.3187461853027
79.9999961853027
77.7593711853027
75.1999961853027
73.9999961853027
74.2796836853027
75.5187461853027
77.7999961853027
80.0390586853027
81.1187461853027
81.9593711853027
81.8796836853027
81.4390586853027
81.1187461853027
80.5999961853027
78.6390586853027
76.3999961853027
74.8390586853027
73.7593711853027
73.0390586853027
72.3187461853027
71.0390586853027
69.5593711853027
68.3593711853027
66.6796836853027
65.0796836853027
63.6390586853027
61.6796836853027
59.5187461853027
56.3593711853027
52.7187461853027
49.6390586853027
46.4390586853027
43.1999961853027
40.1593711853027
37.1999961853027
34.3187461853027
31.4796836853027
28.6796836853027
26.1999961853027
24.0390586853027
21.4390586853027
20.0390586853027
18.6796836853027
17.3187461853027
16.4390586853027
15.4796836853027
14.8796836853027
14.3187461853027
13.7187461853027
12.9593711853027
12.7999961853027
12.1593711853027
11.7999961853027
11.5999961853027
10.7999961853027
10.3999961853027
10.2390586853027
10.1187461853027
9.67968368530273
9.43905868530273
9.39999618530273
9.43905868530273
9.23905868530273
9.11874618530273
9.43905868530273
9.31874618530274
9.31874618530274
9.63905868530274
9.75937118530273
10.1593711853027
10.7187461853027
11.3187461853027
12.5187461853027
13.3593711853027
14.8390586853027
17.5593711853027
23.9593711853027
37.1999961853027
50.5999961853027
57.6796836853027
58.9593711853027
59.3187461853027
60.4390586853027
62.0390586853027
63.9593711853027
66.3187461853027
67.9999961853027
70.1187461853027
72.0796836853027
73.8796836853027
75.5187461853027
77.0796836853027
78.3187461853027
79.6796836853027
80.5999961853027
81.4390586853027
81.7593711853027
81.1999961853027
80.3187461853027
78.1999961853027
75.5593711853027
74.0796836853027
74.2796836853027
75.4390586853027
77.5593711853027
79.7593711853027
81.2390586853027
81.9187461853027
81.6796836853027
81.5187461853027
81.2796836853027
80.7593711853027
78.9187461853027
76.8390586853027
75.0796836853027
73.8796836853027
73.2796836853027
72.2796836853027
71.2390586853027
69.9999961853027
68.1999961853027
67.1593711853027
65.1999961853027
63.4390586853027
61.5999961853027
59.2796836853027
56.4390586853027
52.6390586853027
49.5999961853027
46.7187461853027
43.5999961853027
