3.27999992370605
3.59187492370605
4.05593742370606
4.33593742370605
4.63187492370605
5.07999992370605
5.27999992370605
5.47187492370605
5.79187492370605
6.01593742370605
6.30374992370605
6.62374992370605
6.91187492370605
7.15187492370606
7.39187492370605
7.36781242370605
7.20781242370605
7.39999992370606
7.83187492370605
7.90374992370606
8.10374992370605
8.44781242370605
8.60781242370605
8.79999992370606
8.95999992370606
9.20781242370606
9.47187492370606
9.54374992370606
9.63999992370606
9.71999992370606
9.83999992370605
9.90374992370606
9.96781242370605
10.0718749237061
10.2637499237061
10.4637499237061
10.5599999237061
10.5918749237061
10.6237499237061
10.6399999237061
10.7599999237061
10.8718749237061
11.0237499237061
11.1918749237061
11.3359374237061
11.4237499237061
11.4878124237061
11.4799999237061
11.3837499237061
11.3199999237061
11.1037499237061
11.0159374237061
10.9278124237061
10.6478124237061
10.2959374237061
10.0399999237061
9.76781242370605
9.43187492370605
9.30374992370605
9.11187492370605
8.95999992370606
8.74374992370606
8.50374992370605
8.13593742370606
7.47187492370605
6.75187492370605
6.00781242370605
5.24781242370605
4.63999992370606
4.67999992370605
4.56781242370606
4.39187492370606
4.24781242370605
3.97593742370605
3.79187492370605
3.66374992370605
3.43999992370605
3.23999992370605
3.07187492370606
2.87187492370605
2.71187492370605
2.54374992370605
2.37593742370605
2.09593742370605
2.00781242370605
1.76781242370605
1.48781242370605
1.29593742370605
1.07187492370606
1.01593742370605
0.959999923706055
1.08781242370605
1.31187492370605
1.50374992370605
1.84781242370605
2.15999992370605
2.53593742370605
2.89593742370605
3.28781242370605
3.61593742370605
4.01593742370605
4.35187492370605
4.59999992370605
4.99187492370605
5.32781242370605
5.45593742370605
5.75187492370605
6.01593742370605
6.25593742370605
6.60781242370605
6.87187492370605
7.14374992370605
7.38374992370605
7.37593742370605
7.22374992370605
7.32781242370605
7.89593742370606
7.88781242370605
8.11187492370605
8.41593742370605
8.62374992370605
8.75999992370605
8.94374992370605
9.21593742370606
9.39999992370606
9.54374992370606
9.63187492370605
9.66374992370605
9.80781242370606
9.91187492370605
9.96781242370605
10.0959374237061
10.2959374237061
10.4318749237061
10.4799999237061
10.6237499237061
10.5999999237061
10.6237499237061
10.7678124237061
10.8399999237061
11.0637499237061
11.1599999237061
11.3518749237061
11.4237499237061
11.4637499237061
11.4637499237061
11.4237499237061
11.2718749237061
11.1199999237061
11.0159374237061
10.9918749237061
10.5837499237061
10.3199999237061
10.0878124237061
9.78374992370605
9.51187492370605
9.34374992370605
9.13593742370606
8.89593742370606
8.74374992370606
8.52781242370605
8.19187492370605
7.46374992370605
6.78374992370606
6.06374992370605
5.27187492370605
4.63187492370605
4.71187492370605
4.58374992370605
4.34374992370605
4.28781242370605
4.10374992370605
3.83999992370605
3.68781242370605
3.41593742370605
3.27187492370605
3.09593742370605
2.90374992370605
2.74374992370606
2.59187492370605
2.35187492370605
2.20781242370605
2.03999992370605
1.76781242370605
1.50374992370605
1.31187492370605
1.13593742370605
1.00781242370605
1.01593742370605
1.09593742370605
1.27999992370605
1.51999992370605
1.85593742370605
2.15999992370605
2.50374992370605
2.88781242370605
3.29593742370605
3.60781242370605
3.99999992370605
4.36781242370605
4.61593742370605
5.03999992370605
5.28781242370605
5.45593742370605
5.78374992370605
5.99999992370605
6.26374992370605
6.59999992370605
6.85593742370606
7.11999992370605
7.39187492370605
7.38374992370605
7.24781242370605
7.35187492370605
7.79187492370605
7.90374992370606
8.10374992370605
8.44781242370605
8.63187492370606
8.76781242370605
8.95999992370606
9.23187492370606
9.45593742370605
9.56781242370606
9.59999992370605
9.73593742370606
9.78374992370605
9.88781242370606
9.95999992370605
10.0718749237061
10.2718749237061
10.4237499237061
10.4799999237061
10.6159374237061
10.6237499237061
10.6718749237061
10.7359374237061
10.8559374237061
11.0078124237061
11.1918749237061
11.3437499237061
11.4559374237061
11.4399999237061
11.5037499237061
11.3837499237061
11.2718749237061
11.1199999237061
11.0237499237061
10.9759374237061
10.6799999237061
10.3359374237061
10.0637499237061
9.76781242370605
9.50374992370605
9.32781242370605
9.11999992370605
8.93593742370605
8.79999992370606
8.59187492370605
8.15187492370606
7.53593742370605
6.78374992370606
6.10374992370605
5.30374992370605
4.66374992370605
4.67187492370605
4.56781242370606
4.38374992370605
4.30374992370605
4.04781242370605
3.79999992370605
3.62374992370605
3.48781242370605
3.26374992370605
3.02374992370605
2.88781242370605
2.73593742370606
2.54374992370605
2.36781242370605
2.18374992370605
2.05593742370605
1.77593742370606
1.56781242370605
1.39999992370606
1.13593742370605
1.02374992370605
0.991874923706055
1.07999992370605
1.31187492370605
1.50374992370605
1.85593742370605
2.17593742370605
2.49593742370605
2.87187492370605
3.24781242370605
3.60781242370605
4.03187492370605
4.32781242370605
4.59187492370605
5.01593742370605
5.31187492370606
5.43999992370605
5.77593742370605
6.02374992370605
6.22374992370605
6.59187492370605
6.87999992370605
7.14374992370605
7.40781242370606
7.39187492370605
7.23187492370606
7.32781242370605
7.82374992370606
7.92781242370605
8.11999992370605
8.43187492370605
8.57593742370605
8.81593742370606
8.95999992370606
9.18374992370605
9.42374992370605
9.55187492370606
9.60781242370605
9.71999992370606
9.80781242370606
9.87999992370606
9.96781242370605
10.0959374237061
10.3037499237061
10.4959374237061
10.5199999237061
10.5837499237061
10.6159374237061
10.6637499237061
10.7518749237061
10.8399999237061
10.9599999237061
11.1437499237061
11.3437499237061
11.4078124237061
11.4959374237061
11.4718749237061
11.3999999237061
11.3199999237061
11.1437499237061
11.0637499237061
10.9999999237061
10.6799999237061
10.3118749237061
10.1037499237061
9.78374992370605
9.46374992370605
9.30374992370605
9.10374992370605
8.92781242370605
8.80781242370606
8.57593742370605
8.22374992370606
7.59999992370605
6.83187492370605
6.14374992370605
5.35999992370605
4.71999992370606
4.67999992370605
4.58374992370605
4.38374992370605
4.28781242370605
4.07999992370605
3.85593742370605
3.74374992370605
3.47187492370605
3.22374992370605
3.11187492370605
2.89593742370605
2.73593742370606
2.59187492370605
2.34374992370605
2.17593742370605
2.08781242370605
1.79999992370605
1.59999992370605
1.34374992370605
1.19999992370605
1.03187492370605
0.983749923706054
1.01593742370605
1.24781242370605
1.48781242370605
1.79999992370605
2.12781242370605
2.43999992370606
2.77593742370606
3.23999992370605
3.62374992370605
3.99187492370605
4.31187492370606
4.59187492370605
4.98374992370606
5.23187492370606
5.45593742370605
5.73593742370606
5.99187492370605
6.23999992370605
6.51999992370605
6.86374992370606
7.13593742370605
7.34374992370605
7.43999992370606
7.22374992370605
7.30374992370605
7.79999992370605
7.90374992370606
8.07999992370605
8.44781242370605
8.56781242370606
8.72781242370606
8.94374992370605
9.20781242370606
9.42374992370605
9.55999992370606
9.59187492370605
9.71187492370606
9.81593742370606
9.88781242370606
9.94374992370605
10.0159374237061
10.3037499237061
10.4237499237061
10.5118749237061
10.5437499237061
10.5837499237061
10.6637499237061
10.7199999237061
10.8637499237061
10.9599999237061
11.1837499237061
11.3518749237061
11.4159374237061
11.4078124237061
11.4478124237061
11.4237499237061
11.2718749237061
11.1678124237061
10.9999999237061
10.9918749237061
10.6478124237061
10.3999999237061
10.1278124237061
9.77593742370605
9.54374992370606
9.29593742370605
9.18374992370605
8.99999992370605
8.80781242370606
8.57593742370605
8.21593742370606
7.55999992370606
6.87999992370605
6.15999992370605
5.38374992370605
4.65593742370605
4.65593742370605
4.56781242370606
4.33593742370605
4.26374992370605
4.01593742370605
3.82374992370605
3.65593742370605
3.47999992370605
3.27187492370605
3.14374992370605
2.93593742370605
2.69593742370605
2.60781242370605
2.42374992370605
2.17593742370605
2.05593742370605
1.79187492370605
1.57593742370605
1.35187492370605
1.17593742370605
1.05593742370605
0.999999923706055
1.00781242370605
1.23999992370605
1.49593742370605
1.79187492370605
2.07187492370606
2.47999992370605
2.87999992370605
3.23999992370605
3.57593742370605
3.95999992370605
4.35187492370605
4.60781242370605
4.95187492370605
5.25593742370605
5.44781242370605
5.69593742370605
5.94374992370605
6.19187492370605
6.51999992370605
6.84781242370605
7.10374992370605
7.37593742370605
7.42374992370605
7.23187492370606
7.35187492370605
7.79999992370605
7.93593742370605
8.00781242370605
8.42374992370605
8.61593742370605
8.72781242370606
8.95999992370606
9.18374992370605
9.39187492370606
9.55999992370606
9.60781242370605
9.68781242370605
9.79999992370606
9.88781242370606
9.93593742370605
10.0078124237061
10.2637499237061
10.4237499237061
10.4878124237061
10.5759374237061
10.6478124237061
10.6559374237061
10.7599999237061
10.8237499237061
10.9837499237061
11.1678124237061
11.2959374237061
11.3678124237061
11.4399999237061
11.4878124237061
11.4478124237061
11.2878124237061
11.1678124237061
11.0237499237061
10.9278124237061
10.6718749237061
10.3599999237061
10.1118749237061
9.78374992370605
9.50374992370605
9.34374992370605
9.18374992370605
8.94374992370605
8.86374992370605
8.59999992370605
8.23999992370605
7.59187492370605
6.87999992370605
6.16781242370605
5.42374992370605
4.73593742370606
4.64781242370606
4.63999992370606
4.40781242370606
4.27999992370605
4.06374992370606
3.83187492370605
3.70374992370605
3.44781242370605
3.30374992370605
3.07999992370605
2.92781242370605
2.75999992370605
2.57593742370605
2.40781242370606
2.23187492370605
2.07187492370606
1.85593742370605
1.55999992370605
1.40781242370606
1.15187492370605
1.00781242370605
0.967812423706055
1.06374992370605
1.23187492370605
1.45593742370605
1.75187492370605
2.15187492370605
2.47999992370605
2.82374992370606
3.21593742370605
3.55999992370605
3.96781242370605
4.34374992370605
4.54374992370605
4.93593742370605
5.23187492370606
5.40781242370606
5.68781242370605
5.92781242370605
6.16781242370605
6.53593742370605
6.81593742370606
7.07187492370606
7.35187492370605
7.44781242370606
7.28781242370605
7.33593742370605
7.76781242370605
7.91187492370605
8.03187492370605
8.39999992370606
8.59187492370605
8.75999992370605
8.91187492370605
9.19187492370605
9.43187492370605
9.48781242370606
9.60781242370605
9.67999992370605
9.81593742370606
9.86374992370605
9.88781242370606
9.98374992370606
10.2718749237061
10.4078124237061
10.4718749237061
10.5759374237061
10.5999999237061
10.6478124237061
10.6718749237061
10.7999999237061
10.9199999237061
11.1678124237061
11.3199999237061
11.4318749237061
11.4399999237061
11.4559374237061
11.4559374237061
11.3599999237061
11.1759374237061
11.0318749237061
11.0318749237061
10.7199999237061
10.3999999237061
10.1678124237061
9.79999992370606
9.50374992370605
9.35999992370606
9.19999992370606
8.98374992370606
8.75999992370605
8.58374992370605
8.25593742370605
7.63999992370606
6.89593742370606
6.23999992370605
5.48781242370606
4.69593742370605
4.69593742370605
4.65593742370605
4.41593742370605
4.27999992370605
4.04781242370605
3.83187492370605
3.71999992370605
3.46374992370605
3.37593742370605
3.12781242370605
2.99187492370605
2.77593742370606
2.59999992370605
2.41593742370605
2.19999992370605
2.10374992370605
1.86374992370605
1.57593742370605
1.34374992370605
1.12781242370605
1.06374992370605
0.927812423706055
1.03187492370605
1.24781242370605
1.43187492370605
1.79187492370605
2.08781242370605
2.44781242370606
2.78374992370606
3.21593742370605
3.59999992370605
3.92781242370605
4.27999992370605
4.55187492370605
4.95187492370605
5.22374992370605
5.44781242370605
5.71187492370605
5.95187492370605
6.18374992370605
6.47999992370606
6.79187492370605
7.08781242370605
7.34374992370605
7.40781242370606
7.24781242370605
7.31999992370605
7.76781242370605
7.92781242370605
8.04781242370606
8.39187492370606
8.54374992370606
8.79999992370606
8.92781242370605
9.15999992370605
9.41593742370605
9.54374992370606
9.58374992370605
9.65593742370605
9.79999992370606
9.88781242370606
9.94374992370605
10.0318749237061
10.2078124237061
10.4237499237061
10.5037499237061
10.5999999237061
10.5918749237061
10.6559374237061
10.7437499237061
10.8237499237061
10.9359374237061
11.1437499237061
11.3278124237061
11.4318749237061
11.5199999237061
11.4878124237061
11.4559374237061
11.3118749237061
11.1999999237061
11.0399999237061
10.9678124237061
10.7518749237061
10.2959374237061
10.1837499237061
9.81593742370606
9.54374992370606
9.31187492370606
9.17593742370605
8.98374992370606
8.84781242370605
8.59999992370605
8.27999992370605
7.68781242370605
6.96781242370605
6.24781242370605
5.46374992370605
4.71999992370606
4.63187492370605
4.63999992370606
4.40781242370606
4.30374992370605
4.08781242370605
3.83999992370605
3.69593742370605
3.47187492370605
3.32781242370605
3.17593742370605
2.93593742370605
2.77593742370606
2.54374992370605
2.44781242370606
2.27187492370605
2.10374992370605
1.86374992370605
1.55999992370605
1.42374992370605
1.16781242370605
1.02374992370605
0.983749923706054
1.03187492370605
1.25593742370605
1.46374992370605
1.72781242370605
2.15187492370605
2.39999992370606
2.75187492370605
3.15187492370605
3.54374992370605
3.92781242370605
4.29593742370605
4.53593742370605
4.84781242370605
5.29593742370605
5.41593742370605
5.68781242370605
5.94374992370605
6.18374992370605
6.50374992370605
6.74374992370606
7.08781242370605
7.33593742370605
7.38374992370605
7.23999992370605
7.31187492370605
7.71999992370605
7.95187492370605
7.97593742370606
8.35999992370605
8.63187492370606
8.71187492370606
8.90374992370606
9.14374992370606
9.37593742370606
9.47999992370606
9.57593742370605
9.64781242370606
9.79187492370605
9.91187492370605
9.98374992370606
10.0318749237061
10.2559374237061
10.3999999237061
10.5199999237061
10.6159374237061
10.5999999237061
10.6799999237061
10.7518749237061
10.8478124237061
10.9837499237061
11.1437499237061
11.2478124237061
11.4478124237061
11.4718749237061
11.4878124237061
11.4478124237061
11.2959374237061
11.1599999237061
11.0559374237061
10.9678124237061
10.7437499237061
10.3599999237061
10.1278124237061
9.79999992370606
9.52781242370605
9.33593742370605
9.15999992370605
8.99187492370605
8.82374992370606
8.60781242370605
8.26374992370605
7.68781242370605
6.95187492370605
6.23187492370606
5.52781242370605
4.79999992370605
4.63999992370606
4.63187492370605
4.38374992370605
4.27999992370605
4.11999992370605
3.84781242370605
3.72781242370605
3.50374992370605
3.31187492370605
3.10374992370605
2.96781242370605
2.71999992370605
2.63999992370605
2.46374992370605
2.23999992370605
2.10374992370605
1.86374992370605
1.59187492370605
1.41593742370605
1.18374992370605
1.02374992370605
0.991874923706055
1.01593742370605
1.19999992370605
1.43187492370605
1.75187492370605
2.06374992370605
2.42374992370605
2.75187492370605
3.16781242370605
3.48781242370605
3.86374992370605
4.32781242370605
4.55999992370606
4.88781242370605
5.21593742370605
5.35999992370605
5.65593742370605
5.95999992370605
6.20781242370605
6.51187492370605
6.83187492370605
7.02374992370605
7.29593742370605
7.42374992370605
7.25593742370605
7.26374992370605
7.75999992370605
7.87187492370605
8.03999992370606
8.30374992370606
8.58374992370605
8.74374992370606
8.90374992370606
9.10374992370605
9.39187492370606
9.48781242370606
9.57593742370605
9.66374992370605
9.81593742370606
9.91187492370605
9.94374992370605
10.0159374237061
10.2559374237061
10.4559374237061
10.4799999237061
10.5999999237061
10.5599999237061
10.6399999237061
10.7518749237061
10.7837499237061
10.9518749237061
11.1599999237061
11.2799999237061
11.3837499237061
11.4237499237061
11.4718749237061
11.4637499237061
11.3759374237061
11.1199999237061
11.0478124237061
11.0078124237061
10.7599999237061
10.3118749237061
10.1837499237061
9.83187492370605
9.56781242370606
9.34374992370605
9.17593742370605
9.03999992370606
8.80781242370606
8.62374992370605
8.30374992370606
7.75187492370605
6.95187492370605
6.31187492370605
5.51999992370605
4.84781242370605
4.66374992370605
4.65593742370605
4.39187492370606
4.35999992370605
4.08781242370605
3.85593742370605
3.72781242370605
3.53593742370605
3.27999992370605
3.13593742370605
2.99999992370605
2.81593742370606
2.54374992370605
2.37593742370605
2.20781242370605
2.13593742370605
1.83999992370605
1.59187492370605
1.43999992370606
1.16781242370605
1.03999992370605
0.959999923706055
1.02374992370605
1.20781242370605
1.38374992370605
1.75187492370605
2.07999992370605
2.37593742370605
2.76781242370605
3.11999992370605
3.52781242370605
3.84781242370605
4.22374992370605
4.51187492370605
4.89593742370606
5.21593742370605
5.40781242370606
5.71999992370605
5.88781242370605
6.19999992370605
6.58374992370605
6.78374992370606
7.01593742370605
7.32781242370605
7.43999992370606
7.26374992370605
7.23187492370606
7.72781242370605
7.91187492370605
