0.0503437374625353
0.0527812373172489
0.0791249857470391
0.141562482025474
0.206343728164211
0.299999972581863
0.410343716004863
0.525562459137291
0.619124953560531
0.765562444832176
0.895124937109649
1.05599992752075
1.18312491994351
1.37278115863912
1.53356239905581
1.70399988889694
1.80478113288991
1.90078112716787
2.0447811185848
2.16712486129254
2.30399985313416
2.44556234469637
2.60878108496778
2.75512482624501
2.8847810685169
3.03112480979413
3.17278105135076
3.30956229319796
3.41756228676066
3.53034353003837
3.62634352431633
3.70556226959452
3.78712476473302
3.84712476115674
3.95756225457415
4.02234350071289
4.10878099556081
4.17112474184483
4.22156223883852
4.28634348497726
4.32234348283149
4.35599973082542
4.37512472968548
4.41356222739443
4.41356222739443
4.44234347567894
4.42312472682446
4.41112472753972
4.4039997279644
4.37999972939491
4.34156223168597
4.33199973225594
4.32712473254651
4.30078098411672
4.31034348354675
4.30556223383173
4.31278098340146
4.31278098340146
4.32234348283149
4.32234348283149
4.35834348068573
4.3487809812557
4.32956223240122
4.26478098626249
4.08712474685162
3.81834351287223
3.52799978017807
3.17512480121106
2.82234357223846
2.52956233968958
2.24399985671043
1.97999987244606
1.72799988746643
1.49512490134686
1.26234366522171
1.08478117580526
0.875999938249588
0.681562449838966
0.520781209422275
0.345562469866127
0.19678122873418
0.0671249864622949
-0.0504375065304341
-0.115218752669171
-0.13200000166893
-0.117656252523884
-0.0792187548149379
-0.0288750078156592
0.0071249900385737
0.0311249886080622
0.04556248774752
0.011999989748001
0.0239999890327451
0.00956248989328734
0.0263437388930468
0.0191249893233179
0.0311249886080622
0.0431249878928064
0.0551249871775505
0.0647812366019933
0.0935624848864971
0.134343732455745
0.225562477018684
0.295124972872436
0.407999966144562
0.506343710282817
0.623999953269959
0.748781195832416
0.914343685964122
1.05112492781132
1.20234366879798
1.37512490849942
1.54078114862554
1.67999989032745
1.81199988245964
1.90799987673759
2.03999986886978
2.15034361229278
2.30399985313416
2.44078109498136
2.59678108568303
2.74078107709996
2.8847810685169
3.02399981021881
3.16556230178103
3.31199979305267
3.41512478690594
3.5375622796081
3.62399977445602
3.70799976944923
3.76799976587296
3.85912476044148
3.95756225457415
4.02956225028262
4.1063434957061
4.187999740839
4.23356223812327
4.29112473469228
4.32956223240122
4.351124731116
4.38234347925521
4.41356222739443
4.43034347639419
4.42078097696416
4.43278097624891
4.41834347710945
4.38956222882494
4.38234347925521
4.34156223168597
4.32234348283149
4.32956223240122
4.29356223454699
4.30078098411672
4.31278098340146
4.31999973297119
4.32234348283149
4.32478098268621
4.33678098197095
4.32956223240122
4.33912473183125
4.33912473183125
4.27912473540753
4.11834349499084
3.85199976086617
3.51834353075363
3.19434355006553
2.84399982094765
2.52956233968958
2.24399985671043
1.98478112216108
1.73756238689646
1.52634364948608
1.28399991393089
1.08712492566556
0.892781187249348
0.707999948263168
0.51599995970726
0.352781219435856
0.21356247773394
0.0743437360320238
-0.0504375065304341
-0.103218753384426
-0.13200000166893
-0.108000003099442
-0.0672187555301935
-0.0312187576759608
0.011999989748001
0.0335624884627759
0.0287812387477606
0.0335624884627759
0.0287812387477606
0.00956248989328734
0.0215624891780315
0.0167812394630162
0.0239999890327451
0.0431249878928064
0.0479999876022337
0.0527812373172489
0.0599999868869781
0.141562482025474
0.21356247773394
0.285562473442405
0.400781216574833
0.51599995970726
0.633562452699989
0.751124945692718
0.890343687394634
1.03678117866628
1.19999991893768
1.36312490921468
1.52634364948608
1.69912488918751
1.81434363231994
1.90312487702817
2.05199986815453
2.16712486129254
2.28712485413998
2.4551248441264
2.58478108639829
2.74556232681498
2.86799981951714
3.02399981021881
3.17034355149604
3.2951247940585
3.41278103704564
3.52078103060834
3.6191247747466
3.70078101987951
3.77034351573326
3.87356225958094
3.93599975585938
4.03434349999763
4.09678099627607
4.16878099198453
4.23599973797798
4.28634348497726
4.32478098268621
4.36078098054044
4.3775622295402
4.42312472682446
4.42312472682446
4.42556222667918
4.43034347639419
4.41599972724915
4.41112472753972
4.38478097910993
4.3487809812557
4.31999973297119
4.32234348283149
4.31756223311648
4.30078098411672
4.31512473326176
4.32956223240122
4.31278098340146
4.33678098197095
4.33678098197095
4.34634348140098
4.3487809812557
4.33678098197095
4.27678098554723
4.12799974441528
3.8615622602962
3.53512477975339
3.19199980020523
2.85356232037768
2.54399983882904
2.26556235542521
1.99912487130612
1.73999988675118
1.50712490063161
1.30312491279095
1.08234367595054
0.897562436964363
0.698343698838725
0.520781209422275
0.362343718865886
0.232781226588413
0.0887812351714818
-0.0408750071004034
-0.112875002808869
-0.124875002093613
-0.124875002093613
-0.0696562553849074
-0.00721875910647229
0.011999989748001
0.0575624870322644
0.0407812380325048
0.0287812387477606
0.0191249893233179
0.00478124017827208
0.011999989748001
0.0311249886080622
0.0335624884627759
0.0359999883174895
0.0407812380325048
0.0551249871775505
0.0839999854564666
0.143999981880188
0.199124978594482
0.292781223012134
0.395999966859817
0.494343710998073
0.621562453415245
0.753562445547432
0.885562437679619
1.03434367881157
1.18078117008321
1.36312490921468
1.51912489991635
1.68956238975748
1.80478113288991
1.88634362802841
2.02312486987561
2.16478111143224
2.28478110427968
2.45034359441139
2.59434358582832
2.72634357796051
2.87278106923215
3.0215623103641
3.17034355149604
3.30234354362823
3.41278103704564
3.51834353075363
3.61199977517128
3.69599977016449
3.77034351573326
3.85912476044148
3.93834350571968
4.02234350071289
4.09912474613637
4.16399974226952
4.23834348783828
4.298343484262
4.31512473326176
4.35834348068573
4.38478097910993
4.37999972939491
4.42556222667918
4.43999972581863
4.42556222667918
4.41834347710945
4.41112472753972
4.38712472897023
4.351124731116
4.32478098268621
4.32956223240122
4.32478098268621
4.30078098411672
4.2959997344017
4.31034348354675
4.31756223311648
4.32478098268621
4.34156223168597
4.34399973154068
4.35599973082542
4.3487809812557
4.28634348497726
4.1351247439906
3.87112475972623
3.55678102846257
3.22312479835004
2.86078106994741
2.55599983811378
2.25599985599518
2.01356237044558
1.76156238546595
1.53356239905581
1.31034366236068
1.12312492351979
0.911999936103821
0.703124948553741
0.525562459137291
0.376781218005344
0.211124977879226
0.0767812358867375
-0.0384375072456897
-0.110437502954155
-0.13200000166893
-0.10565625323914
-0.0672187555301935
-0.0288750078156592
0.00234374032355822
0.0407812380325048
0.04556248774752
0.0215624891780315
0.0191249893233179
-9.53674339498889E-09
0.00478124017827208
0.0287812387477606
0.0335624884627759
0.04556248774752
0.0431249878928064
0.0431249878928064
0.0839999854564666
0.12956248274073
0.203999978303909
0.302343722442165
0.398343716720119
0.487124961428344
0.614343703845516
0.755999945402145
0.880781187964603
1.03199992895126
1.16634367094375
1.34399991035461
1.52156239977106
1.67034364090301
1.79278113360517
1.89599987745285
2.02078112001531
2.16234361157753
2.27512485485524
2.44312484484166
2.58712483625859
2.7239998281002
2.86556231966242
3.01434356079437
3.14878105278127
3.2927810441982
3.4007810377609
3.51356228103861
3.59756227603182
3.69834352002479
3.77034351573326
3.85199976086617
3.92634350643493
4.02234350071289
4.09912474613637
4.16634349212982
4.22399973869324
4.28878098483197
4.31756223311648
4.3487809812557
4.37278097982518
4.41112472753972
4.41356222739443
4.42312472682446
4.43034347639419
4.42799972653389
4.4039997279644
4.3775622295402
4.34634348140098
4.33678098197095
4.33199973225594
4.32234348283149
4.2959997344017
4.29356223454699
4.298343484262
4.31512473326176
4.32956223240122
4.33678098197095
4.35599973082542
4.34399973154068
4.33912473183125
4.27678098554723
4.14478099341504
3.87834350929596
3.57112477760762
3.23512479763478
2.87999981880188
2.55112483840436
2.2895623539947
2.00399987101555
1.74956238618121
1.55512489777058
1.31756241193041
1.10399992465973
0.919124935679138
0.734343696692958
0.535124958567321
0.383999967575073
0.239999976158142
0.0935624848864971
-0.0384375072456897
-0.117656252523884
-0.139218751238659
-0.112875002808869
-0.072000005245209
-0.0288750078156592
0.0143437396083026
0.0383437381777911
0.0431249878928064
0.0263437388930468
0.0239999890327451
-0.00243750939145704
0.0215624891780315
0.0239999890327451
0.0263437388930468
0.0407812380325048
0.0287812387477606
0.0479999876022337
0.0647812366019933
0.124781233025715
0.199124978594482
0.278343723872676
0.386343717435375
0.491999961137771
0.611999953985214
0.743999946117401
0.871124938540161
1.03678117866628
1.17356242051348
1.33678116078489
1.50234365091659
1.66312489133328
1.7999998831749
1.88156237831339
2.03278111930005
2.15999986171722
2.27756235470995
2.4263435958419
2.58478108639829
2.70956232896075
2.83678107137792
3.00234356150962
3.14634355292656
3.27834354505874
3.41512478690594
3.5111247811839
3.61199977517128
3.69599977016449
3.76556226601824
3.85434351072647
3.93599975585938
4.01756225099787
4.09199974656105
4.16399974226952
4.22878098840825
4.25999973654747
4.30556223383173
4.35599973082542
4.38956222882494
4.39199972867966
4.43512472610921
4.42078097696416
4.42556222667918
4.41356222739443
4.40878097767942
4.39199972867966
4.351124731116
4.32478098268621
4.32234348283149
4.30556223383173
4.2959997344017
4.32234348283149
4.30312473397702
4.31756223311648
4.32478098268621
4.32956223240122
4.351124731116
4.36312473040074
4.33678098197095
4.28878098483197
4.15199974298477
3.89999975800514
3.58556227674708
3.26156229605898
2.87999981880188
2.58478108639829
2.29199985384941
2.03034361944534
1.77112488489598
1.54312489848584
1.32478116150014
1.11834367380478
0.909562436249107
0.736781196547672
0.549562457706779
0.39112496715039
0.256781225157902
0.0935624848864971
-0.0384375072456897
-0.124875002093613
-0.144000000953674
-0.110437502954155
-0.0672187555301935
-0.0456562568154189
0.00956248989328734
0.0383437381777911
0.0359999883174895
0.0239999890327451
0.0191249893233179
0.00234374032355822
0.0167812394630162
0.0287812387477606
0.04556248774752
0.0359999883174895
0.0407812380325048
0.0383437381777911
0.0695624863170086
0.119999983310699
0.203999978303909
0.283124973587692
0.388781217290088
0.487124961428344
0.6095624541305
0.741562446262687
0.880781187964603
1.01756242981181
1.15199992179871
1.33912491064519
1.50712490063161
1.67278114075772
1.78078113432042
1.88399987816811
2.00878112073056
2.14556236257777
2.27999985456467
2.41199984669685
2.5607810878288
2.70956232896075
2.85834357009269
2.99756231179461
3.16556230178103
3.27599979519844
3.38399978876114
3.49912478189915
3.59034352646209
3.68878102059476
3.76312476616353
3.84234351144172
3.92878100628965
4.03678099985235
4.09912474613637
4.14956224313006
4.23112473826856
4.2695622359775
4.30556223383173
4.34634348140098
4.37512472968548
4.39912472825497
4.41599972724915
4.43756222596392
4.43756222596392
4.41112472753972
4.41599972724915
4.4063434778247
4.36078098054044
4.33434348211624
4.32234348283149
4.32478098268621
4.31034348354675
4.30556223383173
4.31512473326176
4.30556223383173
4.32712473254651
4.34156223168597
4.34634348140098
4.351124731116
4.33199973225594
4.29112473469228
4.15912474256009
3.90478100772016
3.59278102631681
3.23512479763478
2.91112481694669
2.59678108568303
2.28478110427968
2.02078112001531
1.77356238475069
1.54078114862554
1.34399991035461
1.11834367380478
0.931124934963882
0.717562447693199
0.544781207991764
0.383999967575073
0.249562475588172
0.100781234456226
-0.0288750078156592
-0.103218753384426
-0.124875002093613
-0.127218751953915
-0.0816562546696515
-0.043218756960705
0.00956248989328734
0.0167812394630162
0.0431249878928064
0.0359999883174895
0.0263437388930468
0.0263437388930468
0.011999989748001
0.0335624884627759
0.0335624884627759
0.0407812380325048
0.04556248774752
0.0551249871775505
0.0695624863170086
0.12956248274073
0.189562479164451
0.283124973587692
0.37434371815063
0.491999961137771
0.578343705991283
0.72712494712323
0.871124938540161
1.01034368024208
1.15678117151372
1.3151249120757
1.48312490206212
1.64156239261851
1.77599988460541
1.87678112859838
2.00634362087585
2.14078111286275
2.26078110571019
2.41678109641187
2.57034358725883
2.70956232896075
2.85356232037768
2.9951248119399
3.13678105349652
3.27112479548901
3.39112478833646
3.50399978160858
3.58312477689236
3.69356227030978
3.77756226530299
3.82556226244196
3.92399975657463
4.00799975156784
4.09434349642135
4.15912474256009
4.21434348926879
4.26712473612279
4.31756223311648
4.35599973082542
4.38234347925521
4.41112472753972
4.41834347710945
4.42312472682446
4.43512472610921
4.41834347710945
4.41834347710945
4.38712472897023
4.35834348068573
4.33678098197095
4.31756223311648
4.31999973297119
4.30312473397702
4.31756223311648
4.31034348354675
4.32478098268621
4.31756223311648
4.34399973154068
4.34399973154068
4.34634348140098
4.33199973225594
4.2959997344017
4.16634349212982
3.90478100772016
3.59512477617711
3.25434354648925
2.92799981594086
2.59912483554333
2.32078110213391
2.03034361944534
1.77834363446571
1.56478114719503
1.3415624104999
1.13034367308952
0.94556243410334
0.736781196547672
0.563999956846237
0.400781216574833
0.244781225873157
0.0935624848864971
-0.0288750078156592
-0.0936562539543957
-0.124875002093613
-0.115218752669171
-0.0648750056698919
-0.0360000073909761
0.0071249900385737
0.0383437381777911
0.0431249878928064
0.0383437381777911
0.011999989748001
0.0071249900385737
0.0287812387477606
0.0239999890327451
0.0311249886080622
0.0479999876022337
0.0383437381777911
0.0599999868869781
0.100781234456226
0.117562483455986
0.19678122873418
0.273562474157661
0.37434371815063
0.470343712428585
0.604781204415485
0.736781196547672
0.856781189395115
1.01756242981181
1.14956242194399
1.30556241264567
1.49512490134686
1.66078114147298
1.78799988389015
1.86478112931363
2.01112487059087
2.15034361229278
2.26556235542521
2.38799984812737
2.57756233682856
2.697562329676
2.84399982094765
2.99278106207959
3.1295623039268
3.2639997959137
3.38156228890643
3.49199978232384
3.60956227531657
3.68399977087975
3.76312476616353
3.82556226244196
3.92399975657463
4.00556225171313
4.09434349642135
4.1615622424148
4.22156223883852
4.25999973654747
4.31756223311648
4.33912473183125
4.3775622295402
4.4063434778247
4.42799972653389
4.42799972653389
4.42078097696416
4.41356222739443
4.41599972724915
4.38234347925521
4.35834348068573
4.32234348283149
4.32478098268621
4.30799973368645
4.2959997344017
4.28878098483197
4.298343484262
4.31756223311648
4.32478098268621
4.32712473254651
4.3487809812557
4.33434348211624
4.34156223168597
4.31756223311648
4.17356224169955
3.93112475614995
3.6191247747466
3.27599979519844
2.94478106494062
2.60156233539805
2.32312485199422
2.06156236758456
1.7999998831749
1.57434364662506
1.33912491064519
1.15199992179871
0.943124934248626
0.743999946117401
0.556781207276508
0.393562467005104
0.256781225157902
0.105562484171241
-0.0240000081062319
-0.110437502954155
-0.13200000166893
-0.127218751953915
-0.0864375043846668
-0.0360000073909761
-0.00721875910647229
0.0335624884627759
0.0383437381777911
0.0407812380325048
0.0263437388930468
0.0263437388930468
0.0239999890327451
0.0407812380325048
0.0167812394630162
0.0503437374625353
0.0503437374625353
0.0527812373172489
0.0695624863170086
0.11278123374097
0.184781229449436
0.283124973587692
0.367124968580901
0.460781212998554
0.597562454845756
0.719999947547912
0.856781189395115
1.00312493067235
1.14712492208928
1.31999991178513
1.47112490277737
1.65112489204854
1.79512488346547
1.86712487917393
2.00399987101555
2.12634361372329
2.26556235542521
2.39034359798767
2.5607810878288
2.67834358082153
2.83912482123822
2.97356231322512
3.12712480407208
3.266343545774
3.39356228819117
3.49199978232384
3.57834352717735
3.68634352074005
3.7535622667335
3.83999976158142
3.91199975728989
3.99356225242838
4.09434349642135
4.17356224169955
4.21912473898381
4.26478098626249
4.30799973368645
4.351124731116
4.37512472968548
4.38956222882494
4.41356222739443
4.41599972724915
4.43756222596392
4.42078097696416
4.41599972724915
4.38478097910993
4.36556223025545
4.32234348283149
4.32234348283149
4.31756223311648
4.31034348354675
4.29356223454699
4.30799973368645
4.30078098411672
4.31999973297119
4.32956223240122
4.33912473183125
4.3487809812557
4.33199973225594
4.31034348354675
4.17356224169955
3.93356225600466
3.62878102417104
3.29756229391322
2.9423435650859
2.62078108425252
2.32799985170364
2.06156236758456
1.7999998831749
1.57434364662506
1.36312490921468
1.15199992179871
0.94556243410334
0.755999945402145
0.563999956846237
0.407999966144562
0.247124975733459
0.110343733886257
-0.0240000081062319
-0.0936562539543957
-0.141656251093373
-0.120000002384186
-0.0888750042393804
-0.0360000073909761
0.011999989748001
0.0263437388930468
0.0479999876022337
0.0359999883174895
0.00956248989328734
0.0071249900385737
0.00956248989328734
0.0143437396083026
0.0167812394630162
0.0239999890327451
0.0479999876022337
0.0431249878928064
0.0719999861717222
0.117562483455986
0.184781229449436
0.283124973587692
0.371999968290329
0.465562462713569
0.587999955415726
0.719999947547912
0.851999939680099
1.00078118081205
1.15678117151372
1.3151249120757
1.46878115291707
1.63199989318848
1.75912488561124
1.86478112931363
1.97034362302162
2.13834361300804
