82.4796836853027
83.3593711853027
81.1999961853027
77.6796836853027
75.0796836853027
74.2796836853027
73.2796836853027
72.5187461853027
70.9593711853027
69.3187461853027
67.8390586853027
65.7187461853027
64.0796836853027
62.1593711853027
59.7999961853027
56.5999961853027
53.0796836853027
49.1187461853027
45.9999961853027
42.5593711853027
38.9999961853027
35.4390586853027
32.4390586853027
29.1593711853027
25.9593711853027
23.4796836853027
21.2390586853027
19.3999961853027
17.8390586853027
16.6796836853027
15.7999961853027
14.5593711853027
13.9999961853027
13.6390586853027
13.0390586853027
12.4796836853027
11.8796836853027
11.5593711853027
11.1187461853027
10.4796836853027
10.0390586853027
9.79999618530273
9.43905868530273
9.55937118530273
9.23905868530273
8.91874618530273
9.19999618530273
9.15937118530273
8.71874618530273
8.87968368530273
8.67968368530273
8.71874618530273
9.03905868530273
9.03905868530273
8.95937118530274
9.19999618530273
9.15937118530273
9.59999618530274
10.3187461853027
10.9187461853027
12.3187461853027
13.3187461853027
15.6390586853027
19.7999961853027
30.0796836853027
46.4796836853027
59.0390586853027
63.1593711853027
63.3593711853027
63.6796836853027
65.3593711853027
67.1593711853027
69.4390586853027
71.6390586853027
73.4390586853027
75.5999961853027
77.6796836853027
79.3187461853027
80.7999961853027
81.9593711853027
83.1187461853027
83.3593711853027
82.6796836853027
80.0390586853027
76.2390586853027
73.1187461853027
71.7187461853027
72.6796836853027
74.7999961853027
77.9187461853027
80.4390586853027
81.8796836853027
82.3593711853027
81.8390586853027
80.9187461853027
80.6796836853027
80.9999961853027
81.5999961853027
82.6390586853027
82.8796836853027
81.3999961853027
78.0796836853027
75.3187461853027
74.1187461853027
73.5999961853027
72.1999961853027
70.9999961853027
69.4796836853027
67.6796836853027
66.1187461853027
63.9187461853027
62.0796836853027
59.7999961853027
56.9999961853027
53.4390586853027
49.2796836853027
45.8390586853027
42.5593711853027
39.0390586853027
35.8390586853027
32.3187461853027
29.1593711853027
26.2796836853027
23.4796836853027
21.3593711853027
19.3187461853027
17.9593711853027
16.6796836853027
15.8796836853027
14.7187461853027
14.1187461853027
13.5999961853027
13.1999961853027
12.6796836853027
11.9187461853027
11.1999961853027
10.7999961853027
10.5593711853027
9.91874618530273
9.67968368530273
9.43905868530273
9.43905868530273
9.43905868530273
9.39999618530273
9.23905868530273
8.99999618530273
8.83905868530273
8.87968368530273
8.67968368530273
8.83905868530273
8.75937118530273
8.63905868530274
8.99999618530273
9.11874618530273
9.59999618530274
9.51874618530273
10.1999961853027
10.9999961853027
11.9999961853027
13.1999961853027
15.3187461853027
19.4796836853027
29.5187461853027
45.7999961853027
58.8796836853027
63.1593711853027
63.1593711853027
63.6796836853027
65.1593711853027
66.9999961853027
69.2390586853027
71.5999961853027
73.6796836853027
75.4796836853027
77.5187461853027
79.3593711853027
80.5999961853027
82.1593711853027
82.6390586853027
83.2390586853027
82.4390586853027
80.5999961853027
76.3593711853027
73.0796836853027
71.4796836853027
72.7187461853027
74.3999961853027
77.9593711853027
80.5187461853027
81.9999961853027
82.3187461853027
81.6796836853027
81.1593711853027
80.6390586853027
80.6390586853027
81.6390586853027
82.3187461853027
83.0390586853027
81.5593711853027
77.9593711853027
75.0796836853027
74.1593711853027
73.6390586853027
72.4390586853027
71.0796836853027
69.6390586853027
67.7999961853027
65.9999961853027
64.1999961853027
61.9999961853027
59.7999961853027
57.1187461853027
53.3187461853027
49.4390586853027
46.1187461853027
42.7999961853027
39.2796836853027
35.9187461853027
32.7187461853027
29.3593711853027
26.1999961853027
23.7593711853027
21.2390586853027
19.5187461853027
18.1593711853027
16.6796836853027
15.9593711853027
14.9593711853027
14.1593711853027
13.7187461853027
12.9593711853027
12.2390586853027
12.3187461853027
11.4796836853027
10.9999961853027
10.5187461853027
10.2796836853027
9.87968368530273
9.59999618530274
9.35937118530273
9.31874618530274
9.19999618530273
8.99999618530273
9.15937118530273
8.83905868530273
8.99999618530273
8.75937118530273
8.95937118530274
8.91874618530273
8.75937118530273
8.83905868530273
9.07968368530273
9.63905868530274
9.47968368530273
10.1999961853027
10.9593711853027
11.9187461853027
12.9593711853027
15.0390586853027
19.0390586853027
28.8390586853027
45.0796836853027
58.4796836853027
62.9999961853027
63.1593711853027
63.4796836853027
65.1187461853027
67.3187461853027
69.3187461853027
71.2390586853027
73.5593711853027
75.5187461853027
77.5187461853027
78.9999961853027
80.6390586853027
81.7593711853027
83.0390586853027
83.5187461853027
82.7187461853027
80.4390586853027
76.7593711853027
73.3593711853027
71.6796836853027
72.2796836853027
74.7187461853027
77.8390586853027
80.3593711853027
81.9593711853027
82.3187461853027
81.8390586853027
81.2796836853027
80.5999961853027
80.8390586853027
81.4796836853027
82.2796836853027
82.9999961853027
81.6796836853027
78.2796836853027
75.3999961853027
74.2390586853027
73.7187461853027
72.6796836853027
70.8796836853027
69.4796836853027
67.9187461853027
66.0390586853027
64.3187461853027
62.2796836853027
60.1187461853027
57.0796836853027
53.7187461853027
49.7187461853027
46.0390586853027
43.0390586853027
39.3999961853027
35.9187461853027
32.6796836853027
29.4390586853027
26.3187461853027
23.5593711853027
21.5187461853027
19.7593711853027
17.9999961853027
16.7593711853027
15.8390586853027
14.9187461853027
14.2796836853027
13.4796836853027
13.3187461853027
12.6796836853027
12.1187461853027
11.5187461853027
10.7187461853027
10.4796836853027
10.0796836853027
9.67968368530273
9.39999618530273
9.51874618530273
9.35937118530273
9.51874618530273
8.67968368530273
8.95937118530274
9.11874618530273
8.99999618530273
8.79999618530273
8.71874618530273
8.75937118530273
8.83905868530273
8.83905868530273
8.87968368530273
9.35937118530273
9.55937118530273
10.2390586853027
10.8796836853027
11.8390586853027
12.9999961853027
14.9187461853027
18.9593711853027
28.6390586853027
44.4796836853027
58.1187461853027
62.9999961853027
63.4390586853027
63.8390586853027
65.1999961853027
67.0390586853027
68.9593711853027
71.1999961853027
73.4796836853027
75.5593711853027
77.4390586853027
79.0796836853027
80.7187461853027
81.8796836853027
82.7187461853027
83.5593711853027
82.9999961853027
80.4390586853027
76.8796836853027
73.1593711853027
71.5593711853027
72.3187461853027
74.4390586853027
77.7187461853027
80.1999961853027
82.0390586853027
82.1999961853027
82.0390586853027
81.1999961853027
80.7999961853027
81.1187461853027
81.3999961853027
82.1999961853027
82.9999961853027
81.9593711853027
78.3187461853027
75.1187461853027
74.1187461853027
73.6796836853027
72.8390586853027
71.3593711853027
69.4796836853027
68.0390586853027
66.1593711853027
64.3593711853027
62.3187461853027
60.1999961853027
57.4796836853027
53.9187461853027
49.5999961853027
46.5593711853027
42.9593711853027
39.3999961853027
36.2390586853027
32.9593711853027
29.7593711853027
26.5593711853027
23.8796836853027
21.6796836853027
19.7593711853027
18.0390586853027
16.8796836853027
15.9187461853027
14.9187461853027
14.1593711853027
13.5593711853027
13.3999961853027
12.5593711853027
11.8390586853027
11.1593711853027
10.9187461853027
10.5187461853027
10.0390586853027
9.71874618530273
9.55937118530273
9.31874618530274
9.23905868530273
9.03905868530273
9.31874618530274
8.95937118530274
8.67968368530273
8.87968368530273
8.71874618530273
8.91874618530273
9.35937118530273
8.83905868530273
8.99999618530273
9.07968368530273
9.19999618530273
9.79999618530273
10.3187461853027
10.7593711853027
11.7187461853027
13.1593711853027
15.0796836853027
18.7187461853027
27.9593711853027
43.7999961853027
57.8796836853027
63.1187461853027
63.5999961853027
63.2796836853027
65.2796836853027
67.0796836853027
69.0390586853027
70.9187461853027
73.3593711853027
75.4390586853027
77.5593711853027
78.9187461853027
80.4796836853027
81.9187461853027
82.8796836853027
83.1999961853027
82.8390586853027
80.6390586853027
77.0796836853027
73.4796836853027
71.4390586853027
72.3187461853027
74.5999961853027
77.1999961853027
80.2390586853027
81.8796836853027
82.3187461853027
81.8390586853027
81.2796836853027
80.9999961853027
80.7999961853027
81.3999961853027
82.4390586853027
82.8390586853027
81.8390586853027
78.4796836853027
75.5593711853027
74.1593711853027
73.6390586853027
72.6390586853027
71.4796836853027
69.7999961853027
68.1593711853027
65.9999961853027
64.3187461853027
62.3999961853027
60.3999961853027
57.6390586853027
54.0390586853027
49.8390586853027
46.4796836853027
43.3187461853027
39.5187461853027
36.1187461853027
32.8390586853027
29.7999961853027
26.5593711853027
24.1187461853027
21.8390586853027
19.7187461853027
18.0796836853027
16.7593711853027
15.9187461853027
14.8390586853027
14.2390586853027
13.4390586853027
13.2390586853027
12.6796836853027
11.9187461853027
11.5593711853027
10.9187461853027
10.3999961853027
10.2390586853027
9.87968368530273
9.39999618530273
9.43905868530273
9.35937118530273
9.07968368530273
8.99999618530273
8.99999618530273
8.95937118530274
8.79999618530273
8.71874618530273
8.99999618530273
8.75937118530273
8.63905868530274
9.07968368530273
8.91874618530273
9.27968368530274
9.47968368530273
10.1187461853027
10.8390586853027
11.9593711853027
13.1999961853027
15.0796836853027
18.4390586853027
27.3999961853027
42.7593711853027
57.3187461853027
63.0796836853027
63.3187461853027
63.3999961853027
65.0796836853027
67.1999961853027
68.7187461853027
71.2390586853027
73.2796836853027
75.3187461853027
77.2796836853027
78.9999961853027
80.8390586853027
81.7999961853027
82.7999961853027
83.5593711853027
82.8390586853027
80.7187461853027
77.1999961853027
73.7187461853027
71.7187461853027
72.0390586853027
74.4390586853027
77.1999961853027
80.1187461853027
81.9999961853027
82.2390586853027
81.7999961853027
81.1187461853027
80.9593711853027
80.8796836853027
81.1593711853027
82.1593711853027
83.1999961853027
82.0390586853027
78.6390586853027
75.8390586853027
74.2796836853027
73.6796836853027
72.7593711853027
71.0796836853027
69.6390586853027
68.2796836853027
66.3593711853027
64.7593711853027
62.4796836853027
60.4796836853027
57.6390586853027
54.2390586853027
49.8796836853027
46.5593711853027
43.1593711853027
39.7593711853027
36.1187461853027
33.1593711853027
29.7999961853027
26.7593711853027
23.5187461853027
21.8390586853027
19.7593711853027
18.5593711853027
16.9187461853027
16.0390586853027
14.8390586853027
14.2796836853027
13.4390586853027
13.1187461853027
12.7593711853027
12.1999961853027
11.7187461853027
11.0796836853027
10.3593711853027
10.1593711853027
9.87968368530273
9.43905868530273
9.51874618530273
9.39999618530273
9.15937118530273
9.15937118530273
8.99999618530273
8.95937118530274
8.99999618530273
8.87968368530273
8.51874618530273
8.87968368530273
8.87968368530273
9.11874618530273
9.07968368530273
9.51874618530273
9.83905868530273
10.1187461853027
10.7187461853027
11.6390586853027
12.9593711853027
14.9187461853027
18.0796836853027
26.7999961853027
42.5999961853027
56.9593711853027
63.0796836853027
63.3593711853027
63.4390586853027
65.1187461853027
66.7999961853027
68.7999961853027
70.8796836853027
73.0796836853027
74.8796836853027
77.3593711853027
78.9187461853027
80.4390586853027
81.7999961853027
82.5999961853027
83.4390586853027
83.0390586853027
80.7999961853027
77.1187461853027
73.5593711853027
71.7593711853027
72.0796836853027
74.1593711853027
77.1593711853027
80.0796836853027
81.9999961853027
82.3187461853027
81.7593711853027
81.3999961853027
80.8796836853027
80.9999961853027
81.3999961853027
82.0390586853027
82.9187461853027
82.1593711853027
78.5999961853027
75.7999961853027
74.3187461853027
73.9187461853027
72.7593711853027
71.1999961853027
69.7593711853027
68.2390586853027
66.3187461853027
64.3999961853027
62.4390586853027
60.5187461853027
57.7999961853027
54.1999961853027
50.2796836853027
46.6796836853027
43.3999961853027
39.9999961853027
36.8796836853027
33.1187461853027
30.1187461853027
27.0390586853027
24.1593711853027
21.9187461853027
20.0390586853027
18.4796836853027
17.1593711853027
16.1187461853027
14.9187461853027
14.3187461853027
13.6390586853027
13.1593711853027
12.6796836853027
12.0796836853027
11.4390586853027
10.8390586853027
10.4390586853027
10.1999961853027
9.95937118530274
9.55937118530273
9.47968368530273
9.39999618530273
9.47968368530273
9.23905868530273
9.11874618530273
8.95937118530274
9.03905868530273
8.83905868530273
8.83905868530273
9.15937118530273
8.91874618530273
8.99999618530273
9.15937118530273
9.39999618530273
9.83905868530273
10.1187461853027
10.6390586853027
11.6390586853027
12.8796836853027
14.8796836853027
18.0390586853027
26.6390586853027
41.7187461853027
56.6796836853027
62.7187461853027
63.4796836853027
63.5593711853027
64.7999961853027
66.7999961853027
68.7999961853027
70.8796836853027
72.9999961853027
75.1187461853027
76.9187461853027
78.5593711853027
80.2796836853027
81.7999961853027
82.7999961853027
83.1593711853027
82.9999961853027
80.9593711853027
77.5187461853027
73.9187461853027
71.6390586853027
71.9593711853027
73.9187461853027
76.9593711853027
79.7593711853027
81.7999961853027
82.3593711853027
82.0390586853027
81.1999961853027
80.6390586853027
80.9187461853027
81.1999961853027
82.3999961853027
83.0390586853027
82.2390586853027
78.9187461853027
75.6796836853027
74.5187461853027
73.7999961853027
72.8390586853027
71.5999961853027
69.5999961853027
68.3999961853027
66.3593711853027
64.6796836853027
62.3999961853027
60.7999961853027
58.1187461853027
54.4796836853027
50.3999961853027
46.7999961853027
43.5593711853027
39.9187461853027
36.5999961853027
33.3593711853027
30.0796836853027
26.9187461853027
23.9593711853027
22.0390586853027
20.0390586853027
18.6390586853027
17.1593711853027
15.9999961853027
14.9593711853027
14.1187461853027
13.7999961853027
13.2796836853027
12.6796836853027
11.9593711853027
11.4390586853027
10.9999961853027
10.5593711853027
10.1187461853027
9.75937118530273
9.43905868530273
9.59999618530274
9.39999618530273
9.23905868530273
8.99999618530273
8.99999618530273
8.83905868530273
9.07968368530273
8.87968368530273
8.75937118530273
9.11874618530273
8.87968368530273
8.95937118530274
9.27968368530274
9.19999618530273
9.59999618530274
10.2390586853027
10.8390586853027
11.7187461853027
12.9187461853027
14.4390586853027
17.6390586853027
25.9999961853027
41.0796836853027
56.0390586853027
62.6796836853027
63.3999961853027
63.5593711853027
64.7593711853027
66.7593711853027
68.7593711853027
70.7187461853027
72.9593711853027
74.9999961853027
77.1593711853027
78.7999961853027
80.3999961853027
81.7187461853027
82.7187461853027
83.4390586853027
82.9187461853027
81.3187461853027
77.5593711853027
73.6796836853027
71.9593711853027
71.7999961853027
73.8390586853027
76.8796836853027
79.8796836853027
81.7593711853027
82.3999961853027
81.9999961853027
81.4390586853027
81.0796836853027
80.8796836853027
81.3999961853027
82.2796836853027
82.7999961853027
82.2390586853027
79.0796836853027
75.8796836853027
74.2390586853027
73.7593711853027
73.0796836853027
71.4796836853027
69.9187461853027
68.2796836853027
66.5999961853027
64.7593711853027
62.8390586853027
60.4390586853027
58.1999961853027
54.6796836853027
50.5187461853027
47.0390586853027
43.7999961853027
39.9593711853027
36.8796836853027
33.5999961853027
30.3999961853027
26.9999961853027
24.1999961853027
21.9593711853027
20.0390586853027
18.3999961853027
16.8390586853027
15.9999961853027
15.1593711853027
14.1999961853027
13.7187461853027
13.0390586853027
12.6796836853027
12.1187461853027
11.7593711853027
11.1187461853027
10.5999961853027
10.1999961853027
9.91874618530273
9.47968368530273
9.23905868530273
9.27968368530274
9.27968368530274
9.03905868530273
8.95937118530274
8.87968368530273
8.91874618530273
8.91874618530273
8.63905868530274
8.87968368530273
8.95937118530274
8.91874618530273
8.95937118530274
8.99999618530273
9.55937118530273
9.95937118530274
10.4796836853027
11.7593711853027
12.7593711853027
14.5999961853027
17.7593711853027
25.3187461853027
40.1999961853027
55.5999961853027
62.5187461853027
63.5187461853027
63.5187461853027
64.7999961853027
66.5999961853027
68.5187461853027
70.7999961853027
72.7187461853027
74.7593711853027
76.9187461853027
78.7593711853027
80.3187461853027
81.6390586853027
82.5187461853027
83.1999961853027
83.0390586853027
81.2390586853027
77.6796836853027
73.9187461853027
71.7999961853027
71.8796836853027
73.6390586853027
76.9187461853027
79.6796836853027
81.5187461853027
82.5187461853027
81.9999961853027
81.3593711853027
80.5999961853027
80.8796836853027
81.3593711853027
82.0390586853027
82.8796836853027
82.3593711853027
79.1999961853027
75.7593711853027
74.3999961853027
73.6390586853027
72.9593711853027
71.5593711853027
70.1187461853027
68.5187461853027
66.6796836853027
64.7593711853027
62.7999961853027
60.5593711853027
58.0390586853027
54.7187461853027
50.5593711853027
47.1593711853027
43.7999961853027
