-5.19999999284744
-4.83218749284744
-4.29624999284744
-3.96812499284744
-3.65624999284744
-3.15218749284744
-2.73624999284744
-2.36812499284744
-2.03218749284744
-1.55218749284744
-1.15999999284744
-0.712187492847443
-0.344062492847443
0.135937507152557
0.527812507152557
0.895937507152557
1.09593750715256
1.34375000715256
1.91187500715256
2.34375000715256
2.60781250715256
3.01593750715256
3.35187500715256
3.74375000715256
4.04781250715256
4.39187500715256
4.71187500715256
4.91187500715256
5.12781250715256
5.34375000715256
5.56781250715256
5.74375000715256
5.82375000715256
6.04000000715256
6.20781250715256
6.37593750715256
6.45593750715256
6.56781250715256
6.64000000715256
6.68000000715256
6.68781250715256
6.69593750715256
6.75187500715256
6.72781250715256
6.75187500715256
6.63187500715256
6.49593750715256
6.33593750715256
6.09593750715256
5.80000000715256
5.49593750715256
5.13593750715256
4.86375000715256
4.45593750715256
3.95187500715256
3.50375000715256
3.00781250715256
2.63187500715256
2.13593750715256
1.84000000715256
1.38375000715256
0.967812507152557
0.567812507152557
7.15255737970821E-09
-0.616249992847443
-1.22406249284744
-1.74406249284744
-2.47218749284744
-3.21624999284744
-3.66406249284744
-3.82406249284744
-4.16812499284744
-4.55218749284744
-4.82406249284744
-5.07999999284744
-5.39218749284744
-5.64812499284744
-5.91218749284744
-6.12812499284744
-6.31218749284744
-6.55999999284744
-6.71218749284744
-6.89624999284744
-7.05624999284744
-7.24812499284744
-7.39999999284744
-7.56812499284744
-7.66406249284744
-7.67218749284744
-7.71999999284744
-7.64812499284744
-7.46406249284744
-7.23999999284744
-7.01624999284744
-6.70406249284744
-6.31999999284744
-5.95999999284744
-5.59999999284744
-5.16812499284744
-4.80812499284744
-4.31999999284744
-4.06406249284744
-3.65624999284744
-3.19218749284744
-2.75999999284744
-2.37624999284744
-2.02406249284744
-1.59218749284744
-1.21624999284744
-0.736249992847443
-0.336249992847443
0.0878125071525574
0.567812507152557
0.880000007152557
1.08781250715256
1.35187500715256
1.84000000715256
2.32000000715256
2.64000000715256
3.00781250715256
3.42375000715256
3.70375000715256
4.06375000715256
4.34375000715256
4.69593750715256
4.91187500715256
5.14375000715256
5.36781250715256
5.57593750715256
5.70375000715256
5.87187500715256
6.03187500715256
6.23187500715256
6.31187500715256
6.48781250715256
6.56000000715256
6.68781250715256
6.63187500715256
6.71187500715256
6.72000000715256
6.71187500715256
6.73593750715256
6.65593750715256
6.61593750715256
6.52781250715256
6.32000000715256
6.08781250715256
5.85593750715256
5.46375000715256
5.14375000715256
4.88000000715256
4.48000000715256
3.96781250715256
3.56000000715256
3.10375000715256
2.62375000715256
2.17593750715256
1.79187500715256
1.43187500715256
1.00000000715256
0.511875007152557
0.0559375071525574
-0.592187492847443
-1.19218749284744
-1.74406249284744
-2.39218749284744
-3.16812499284744
-3.63218749284744
-3.78406249284744
-4.13624999284744
-4.53624999284744
-4.86406249284744
-5.11999999284744
-5.33624999284744
-5.62406249284744
-5.91999999284744
-6.11218749284744
-6.34406249284744
-6.52812499284744
-6.74406249284744
-6.82406249284744
-7.00812499284744
-7.23218749284744
-7.34406249284744
-7.53624999284744
-7.61624999284744
-7.67999999284744
-7.73624999284744
-7.59999999284744
-7.50406249284744
-7.23999999284744
-6.95999999284744
-6.67218749284744
-6.35218749284744
-5.93624999284744
-5.57624999284744
-5.22406249284744
-4.76812499284744
-4.38406249284744
-4.01624999284744
-3.59218749284744
-3.18406249284744
-2.72812499284744
-2.36812499284744
-2.00812499284744
-1.58406249284744
-1.20812499284744
-0.759999992847443
-0.312187492847443
0.0878125071525574
0.520000007152557
0.880000007152557
1.10375000715256
1.39187500715256
1.82375000715256
2.31187500715256
2.62375000715256
3.04781250715256
3.38375000715256
3.73593750715256
3.98375000715256
4.39187500715256
4.68781250715256
4.96000000715256
5.12781250715256
5.38375000715256
5.53593750715256
5.73593750715256
5.83187500715256
6.02375000715256
6.20781250715256
6.32781250715256
6.48000000715256
6.52000000715256
6.63187500715256
6.69593750715256
6.71187500715256
6.70375000715256
6.74375000715256
6.77593750715256
6.70375000715256
6.65593750715256
6.55187500715256
6.36781250715256
6.09593750715256
5.83187500715256
5.52000000715256
5.19187500715256
4.87187500715256
4.48000000715256
3.96781250715256
3.52781250715256
3.07187500715256
2.64781250715256
2.19187500715256
1.82375000715256
1.44000000715256
1.01593750715256
0.575937507152557
0.0800000071525574
-0.536249992847443
-1.19218749284744
-1.75218749284744
-2.39999999284744
-3.19999999284744
-3.59218749284744
-3.82406249284744
-4.07999999284744
-4.47218749284744
-4.81624999284744
-5.03999999284744
-5.33624999284744
-5.63218749284744
-5.91218749284744
-6.10406249284744
-6.29624999284744
-6.58406249284744
-6.67999999284744
-6.87999999284744
-7.03218749284744
-7.21624999284744
-7.39218749284744
-7.46406249284744
-7.63999999284744
-7.70406249284744
-7.69624999284744
-7.59218749284744
-7.51999999284744
-7.28812499284744
-7.06406249284744
-6.64812499284744
-6.31999999284744
-5.99218749284744
-5.61624999284744
-5.20812499284744
-4.81624999284744
-4.43999999284744
-3.96812499284744
-3.66406249284744
-3.21624999284744
-2.77624999284744
-2.40812499284744
-2.06406249284744
-1.60812499284744
-1.18406249284744
-0.759999992847443
-0.344062492847443
0.0800000071525574
0.480000007152557
0.855937507152557
1.09593750715256
1.30375000715256
1.84000000715256
2.28000000715256
2.62375000715256
2.95187500715256
3.35187500715256
3.75187500715256
4.04000000715256
4.33593750715256
4.68000000715256
4.90375000715256
5.14375000715256
5.30375000715256
5.54375000715256
5.70375000715256
5.88781250715256
6.04781250715256
6.20000000715256
6.37593750715256
6.53593750715256
6.56781250715256
6.64781250715256
6.64781250715256
6.68781250715256
6.68781250715256
6.72781250715256
6.75187500715256
6.75187500715256
6.64000000715256
6.52000000715256
6.35187500715256
6.09593750715256
5.87187500715256
5.52781250715256
5.21593750715256
4.88000000715256
4.52000000715256
4.01593750715256
3.60781250715256
3.14375000715256
2.66375000715256
2.27187500715256
1.84000000715256
1.44000000715256
1.00781250715256
0.615937507152557
0.0718750071525574
-0.552187492847443
-1.15218749284744
-1.71999999284744
-2.37624999284744
-3.10406249284744
-3.55999999284744
-3.75999999284744
-4.11999999284744
-4.47218749284744
-4.77624999284744
-5.09624999284744
-5.35218749284744
-5.65624999284744
-5.88812499284744
-6.15218749284744
-6.31218749284744
-6.51218749284744
-6.72812499284744
-6.87999999284744
-7.09624999284744
-7.19218749284744
-7.40812499284744
-7.52812499284744
-7.62406249284744
-7.71999999284744
-7.70406249284744
-7.64812499284744
-7.49624999284744
-7.30406249284744
-7.00812499284744
-6.70406249284744
-6.37624999284744
-5.94406249284744
-5.62406249284744
-5.21624999284744
-4.83218749284744
-4.37624999284744
-4.05624999284744
-3.69624999284744
-3.27999999284744
-2.78406249284744
-2.39218749284744
-2.02406249284744
-1.63218749284744
-1.21624999284744
-0.776249992847443
-0.408124992847443
0.0559375071525574
0.487812507152557
0.887812507152557
1.11187500715256
1.34375000715256
1.77593750715256
2.26375000715256
2.59187500715256
2.94375000715256
3.42375000715256
3.68000000715256
3.98375000715256
4.36000000715256
4.69593750715256
4.96781250715256
5.10375000715256
5.28781250715256
5.57593750715256
5.70375000715256
5.86375000715256
6.00000000715256
6.18375000715256
6.38375000715256
6.52000000715256
6.54375000715256
6.63187500715256
6.68781250715256
6.71187500715256
6.71187500715256
6.72000000715256
6.76000000715256
6.68781250715256
6.64000000715256
6.54375000715256
6.34375000715256
6.12781250715256
5.84781250715256
5.56000000715256
5.18375000715256
4.89593750715256
4.53593750715256
4.00781250715256
3.57593750715256
3.11187500715256
2.69593750715256
2.27187500715256
1.90375000715256
1.46375000715256
1.04000000715256
0.591875007152557
0.0878125071525574
-0.464062492847443
-1.13624999284744
-1.63999999284744
-2.38406249284744
-3.10406249284744
-3.59999999284744
-3.81624999284744
-4.07999999284744
-4.44812499284744
-4.74406249284744
-5.02406249284744
-5.35999999284744
-5.64812499284744
-5.90406249284744
-6.08812499284744
-6.36812499284744
-6.53624999284744
-6.70406249284744
-6.83218749284744
-7.01624999284744
-7.21624999284744
-7.33624999284744
-7.52812499284744
-7.61624999284744
-7.74406249284744
-7.75218749284744
-7.67218749284744
-7.47999999284744
-7.26406249284744
-6.98406249284744
-6.73624999284744
-6.36812499284744
-6.03999999284744
-5.67999999284744
-5.29624999284744
-4.84812499284744
-4.42406249284744
-4.07999999284744
-3.71218749284744
-3.24812499284744
-2.78406249284744
-2.45624999284744
-2.08812499284744
-1.62406249284744
-1.27218749284744
-0.816249992847443
-0.352187492847443
0.0237500071525574
0.463750007152557
0.871875007152557
1.10375000715256
1.32000000715256
1.79187500715256
2.26375000715256
2.60000000715256
2.99187500715256
3.37593750715256
3.71187500715256
4.01593750715256
4.32781250715256
4.65593750715256
4.88000000715256
5.12781250715256
5.40781250715256
5.52000000715256
5.71187500715256
5.84000000715256
5.98375000715256
6.14375000715256
6.36000000715256
6.45593750715256
6.56781250715256
6.59187500715256
6.63187500715256
6.72781250715256
6.71187500715256
6.77593750715256
6.72781250715256
6.75187500715256
6.66375000715256
6.55187500715256
6.31187500715256
6.15187500715256
5.86375000715256
5.56000000715256
5.27187500715256
4.91187500715256
4.50375000715256
4.06375000715256
3.63187500715256
3.15187500715256
2.72000000715256
2.26375000715256
1.92781250715256
1.48000000715256
1.00781250715256
0.671875007152557
0.160000007152557
-0.432187492847443
-1.08812499284744
-1.63218749284744
-2.27218749284744
-3.03218749284744
-3.59218749284744
-3.82406249284744
-4.07999999284744
-4.43999999284744
-4.74406249284744
-5.05624999284744
-5.32812499284744
-5.58406249284744
-5.86406249284744
-6.10406249284744
-6.33624999284744
-6.51999999284744
-6.66406249284744
-6.82406249284744
-7.01624999284744
-7.15999999284744
-7.35218749284744
-7.50406249284744
-7.59999999284744
-7.69624999284744
-7.74406249284744
-7.59218749284744
-7.49624999284744
-7.33624999284744
-6.99999999284744
-6.72812499284744
-6.38406249284744
-5.99218749284744
-5.67999999284744
-5.23218749284744
-4.85624999284744
-4.41624999284744
-4.07999999284744
-3.71999999284744
-3.28812499284744
-2.79218749284744
-2.48812499284744
-2.07999999284744
-1.71218749284744
-1.23218749284744
-0.872187492847443
-0.408124992847443
0.0318750071525574
0.440000007152557
0.807812507152557
1.07187500715256
1.26375000715256
1.71187500715256
2.27187500715256
2.60781250715256
2.92781250715256
3.34375000715256
3.66375000715256
3.94375000715256
4.31187500715256
4.65593750715256
4.90375000715256
5.12000000715256
5.29593750715256
5.52000000715256
5.73593750715256
5.89593750715256
6.00781250715256
6.16781250715256
6.41593750715256
6.47187500715256
6.48000000715256
6.61593750715256
6.72000000715256
6.68781250715256
6.70375000715256
6.74375000715256
6.74375000715256
6.79187500715256
6.70375000715256
6.49593750715256
6.38375000715256
6.16000000715256
5.88781250715256
5.53593750715256
5.24000000715256
4.94375000715256
4.54375000715256
4.04000000715256
3.63187500715256
3.14375000715256
2.69593750715256
2.27187500715256
1.88000000715256
1.46375000715256
1.08781250715256
0.623750007152557
0.127812507152557
-0.448124992847443
-1.08812499284744
-1.71218749284744
-2.28812499284744
-3.02406249284744
-3.58406249284744
-3.75999999284744
-4.05624999284744
-4.46406249284744
-4.75999999284744
-5.00812499284744
-5.35218749284744
-5.60812499284744
-5.81624999284744
-6.10406249284744
-6.32812499284744
-6.52812499284744
-6.69624999284744
-6.87999999284744
-6.99218749284744
-7.19218749284744
-7.39218749284744
-7.52812499284744
-7.54406249284744
-7.67999999284744
-7.71218749284744
-7.65624999284744
-7.49624999284744
-7.27999999284744
-6.99218749284744
-6.72812499284744
-6.39999999284744
-6.03999999284744
-5.67999999284744
-5.28812499284744
-4.85624999284744
-4.40812499284744
-4.08812499284744
-3.69624999284744
-3.30406249284744
-2.84812499284744
-2.46406249284744
-2.09624999284744
-1.65624999284744
-1.28812499284744
-0.904062492847443
-0.464062492847443
-0.0399999928474426
0.423750007152557
0.855937507152557
1.08781250715256
1.28000000715256
1.72781250715256
2.26375000715256
2.60781250715256
2.87187500715256
3.36781250715256
3.62375000715256
3.97593750715256
4.31187500715256
4.64781250715256
4.90375000715256
5.12000000715256
5.34375000715256
5.55187500715256
5.72000000715256
5.88000000715256
5.99187500715256
6.20781250715256
6.32781250715256
6.45593750715256
6.60781250715256
6.54375000715256
6.64000000715256
6.70375000715256
6.70375000715256
6.76781250715256
6.72000000715256
6.70375000715256
6.71187500715256
6.55187500715256
6.42375000715256
6.20000000715256
5.87187500715256
5.54375000715256
5.24781250715256
4.91187500715256
4.60000000715256
4.08000000715256
3.63187500715256
3.22375000715256
2.72781250715256
2.28781250715256
1.95187500715256
1.53593750715256
1.11187500715256
0.671875007152557
0.215937507152557
-0.416249992847443
-1.05624999284744
-1.63218749284744
-2.26406249284744
-3.03218749284744
-3.53624999284744
-3.78406249284744
-4.07218749284744
-4.40812499284744
-4.76812499284744
-5.04812499284744
-5.34406249284744
-5.59999999284744
-5.85624999284744
-6.04812499284744
-6.26406249284744
-6.50406249284744
-6.60812499284744
-6.80812499284744
-6.95218749284744
-7.20812499284744
-7.39999999284744
-7.55218749284744
-7.63218749284744
-7.63999999284744
-7.71218749284744
-7.66406249284744
-7.45624999284744
-7.33624999284744
-7.05624999284744
-6.73624999284744
-6.44812499284744
-6.07218749284744
-5.68812499284744
-5.31999999284744
-4.90406249284744
-4.50406249284744
-4.10406249284744
-3.75999999284744
-3.29624999284744
-2.86406249284744
-2.48812499284744
-2.13624999284744
-1.70406249284744
-1.28812499284744
-0.832187492847443
-0.496249992847443
0.00781250715255738
0.400000007152557
0.783750007152557
1.00781250715256
1.26375000715256
1.69593750715256
2.16781250715256
2.52000000715256
2.91187500715256
3.33593750715256
3.66375000715256
3.98375000715256
4.33593750715256
4.58375000715256
4.84781250715256
5.07187500715256
5.30375000715256
5.50375000715256
5.68781250715256
5.85593750715256
6.01593750715256
6.18375000715256
6.33593750715256
6.45593750715256
6.53593750715256
6.62375000715256
6.68000000715256
6.69593750715256
6.69593750715256
6.80000000715256
6.75187500715256
6.73593750715256
6.64000000715256
6.55187500715256
6.37593750715256
6.18375000715256
5.90375000715256
5.60000000715256
5.25593750715256
4.95187500715256
4.58375000715256
4.08781250715256
3.65593750715256
3.18375000715256
2.70375000715256
2.34375000715256
1.93593750715256
1.54375000715256
1.12000000715256
0.695937507152557
0.200000007152557
-0.399999992847443
-1.07218749284744
-1.62406249284744
-2.19999999284744
-3.04812499284744
-3.59999999284744
-3.79218749284744
-4.03218749284744
-4.43218749284744
-4.71999999284744
-5.02406249284744
-5.29624999284744
-5.59999999284744
-5.82406249284744
-6.11999999284744
-6.27999999284744
-6.48812499284744
-6.67999999284744
-6.84812499284744
-6.96812499284744
-7.12812499284744
-7.33624999284744
-7.51218749284744
-7.62406249284744
-7.67999999284744
-7.75999999284744
-7.67218749284744
-7.56812499284744
-7.32812499284744
-7.10406249284744
-6.77624999284744
-6.43999999284744
-6.05624999284744
-5.71218749284744
-5.32812499284744
-4.91999999284744
-4.50406249284744
-4.05624999284744
-3.74406249284744
-3.35218749284744
-2.87999999284744
-2.48812499284744
-2.09624999284744
-1.71218749284744
-1.29624999284744
-0.896249992847443
-0.432187492847443
-0.0721874928474426
0.343750007152557
0.751875007152558
1.00781250715256
1.24781250715256
1.70375000715256
2.22375000715256
2.50375000715256
2.86375000715256
3.30375000715256
3.61593750715256
3.98375000715256
4.23187500715256
4.57593750715256
4.91187500715256
5.08000000715256
5.31187500715256
5.52781250715256
5.68781250715256
5.80000000715256
5.96000000715256
6.12781250715256
6.28781250715256
6.42375000715256
6.54375000715256
6.64000000715256
6.64781250715256
6.68781250715256
6.72781250715256
6.73593750715256
6.76000000715256
6.72000000715256
6.68781250715256
6.57593750715256
6.43187500715256
6.20781250715256
5.90375000715256
5.60000000715256
5.24781250715256
4.97593750715256
4.56781250715256
4.11187500715256
3.71187500715256
3.20000000715256
2.78375000715256
2.31187500715256
1.95187500715256
1.52781250715256
1.14375000715256
0.680000007152557
0.247812507152557
-0.432187492847443
-0.992187492847443
-1.53624999284744
-2.22406249284744
-2.96812499284744
-3.55218749284744
-3.73624999284744
-4.01624999284744
-4.43218749284744
-4.68812499284744
-5.01624999284744
-5.27218749284744
-5.55218749284744
-5.82406249284744
-6.09624999284744
-6.25624999284744
-6.49624999284744
-6.67999999284744
-6.79218749284744
-6.94406249284744
-7.14406249284744
-7.31999999284744
-7.51999999284744
-7.59999999284744
-7.62406249284744
-7.71218749284744
-7.59999999284744
-7.49624999284744
-7.39218749284744
-7.06406249284744
-6.83218749284744
-6.43999999284744
-6.07999999284744
-5.70406249284744
-5.34406249284744
-4.93624999284744
-4.47218749284744
-4.08812499284744
-3.76812499284744
-3.32812499284744
-2.89624999284744
-2.46406249284744
-2.13624999284744
-1.77624999284744
-1.27999999284744
-0.879999992847443
-0.496249992847443
7.15255737970821E-09
0.391875007152557
0.751875007152558
1.02375000715256
1.25593750715256
1.59187500715256
2.21593750715256
